150.1,150.2,150.3,150R.1,150R.2,150R.3,149.1,149.2,149.3,1.1,1.2,1.3,2.2,3.3,7.1,7.2,7.3,4.3,5.3,6.3,8.1,8.2,8.3,12.2,9.1,13.1,13.2,13.3,9R.1,14.1,34.3,18.1,18.2,18.3,11.1,10.1,15.3,16.3,17.3,19.1,21.1,21.2,21.3,20.1,22.2,23.1,23.2,23.3,24.3,25.1,25.2,25.3,25R.1,25R.3,26.1,26.3,28.1,28.2,28.3,27.1,27.3,31.3,33.1,29.1,29.2,29.3,30.1,30.2,30.3,250.1,250.2,250.3,32.3,35.1,35.2,36.1,36.2,35.3,40.1,40.2,40.3,37.1,38.2,39.2,41.3,42.1,42.2,42.3,43.2,44.1,44.2,44.3,45.1,47.1,47.2,47.3,46.1,48.1,48.2,48.3,49.1,49.2,49.3,50.1,50.2,50.3,51.1,51.2,51.3,151.1,151.2,151.3,52.1,52.2,52.3,53.1,53.2,53.3,54.1,54.2,54.3,55.1,55.2,55.3,57.1,57.2,57.3,56.1,56.2,56.3,58.2,60.1,60.2,60.3,59.2,61.1,61.2,61.3,62.1,62.2,62.3,63.1,63.2,63.3,64.1,64.2,64.3,65.1,65.2,65.3,66.1,66.2,66.3,67.1,68.1,67.2,67.3,72.1,72.2,72.3,97.1,97.2,97.3,69.1,70.1,71.1,73.3,76.1,76.2,76.3,74.3,75.3,77.1,77.2,77.3,86.1,86.2,86.3,78.1,78.2,78.3,79.1,79.2,79.3,80.1,80.2,80.3,81.1,81.2,81.3,82.1,82.2,82.3,84.3,83.1,83.2,83.3,85.3,87.1,87.2,87.3,88.1,89.1,89.2,89.3,90.2,91.1,91.2,91.3,92.3,93.1,93.2,93.3,94.1,95.1,95.2,95.3,96.2,98.1,98.2,98.3,99.1,99.2,99.3,100.1,100.2,100.3,450.1,450.2,450.3,197.1,197.2,197.3,101.1,101.2,101.3,102.3,105.1,105.2,105.3,103.3,104.3,106.2,108.1,108.2,108.3,107.2,109.1,300.1,300.2,300.3,110.1,111.1,112.1,113.1,114.1,135.1,135.2,135.3,152.1,152.2,152.3,160R.1,160R.2,160R.3,160.1,160.2,160.3,61S.1,61S.2,61S.3,300_OPEN.1,300_OPEN.2,300_OPEN.3,94_OPEN.1,610.1,610.2,610.3,time
-879.0173044159584,-551.2436946616783,-732.1118161376749,0.0,0.0,0.0,0.0,0.0,0.0,35.320748307772085,0.0,0.0,17.508751513655533,0.0,-23.665270686560238,-42.67705616381544,-42.10993957126447,35.25895592086507,17.67854521757751,34.98232722309989,0.0,0.0,0.0,17.93057580273148,35.59874864949566,0.0,0.0,0.0,0.0,0.0,34.5908559151727,0.0,0.0,0.0,33.817837684288556,17.20084741475214,0.0,33.74527208891464,17.333707818840512,35.43082263860406,0.0,0.0,0.0,33.32493966082553,35.64337326312156,0.0,0.0,0.0,34.56890567283881,0.0,0.0,0.0,0.0,0.0,0.0,0.0,34.156963934352575,0.0,0.0,0.0,0.0,16.92314881985557,36.06193004660489,-6.748617017172478,-43.18083682840917,-41.69318165707004,0.0,0.0,35.33429666261786,0.0,0.0,0.0,17.29447287919267,22.35689972883822,12.643452429407837,0.0,0.0,0.0,0.0,0.0,0.0,34.21254365911051,17.727403908114734,17.623734538270792,16.97210695846941,17.418865789580583,0.0,0.0,34.71396934619265,0.0,0.0,0.0,17.01821189696407,30.73507515481686,31.394266386236197,31.053049062146776,16.890336572982424,69.59086413699217,71.08385630458132,70.31441195018563,-10.443933348873301,18.90906122811112,-6.372734038178898,0.0,0.0,33.11419657654784,16.9068835531028,0.0,0.0,0.0,0.0,0.0,34.24249760911439,0.0,0.0,33.91315081709436,0.0,0.0,0.0,0.0,0.0,-24.217773403852274,-43.060020446188666,-42.146861743367246,0.0,0.0,0.0,0.0,17.61413446434574,0.0,16.812361495961703,17.54768635437362,0.0,0.0,17.68189452154356,0.0,0.0,0.0,0.0,0.0,34.441098430601684,-4.844980445469247,-41.72076198846875,-40.86633948164327,0.0,67.79157619714518,0.0,39.850653647267805,31.41370586862075,51.901105533467565,0.0,0.0,65.72974058698286,0.0,-29.53406404521702,0.0,0.0,0.0,0.0,0.0,0.0,0.0,0.0,36.08326209578222,18.455981569330355,36.86891333851219,34.922928989239175,87.967236788527,72.13977270525152,62.07966961153094,36.10480593228971,35.4957313968874,0.0,37.04636004379392,0.0,0.0,18.238671552126654,0.0,0.0,0.0,0.0,36.100845639705874,0.0,0.0,-45.38625646368028,-9.286373062006554,-45.16774977442805,0.0,0.0,0.0,35.164478995675296,0.0,0.0,18.42753889622312,0.0,0.0,18.6446601246519,35.656353222743796,-44.980978800146104,-8.484441093918306,-45.13735661529644,36.289257896308925,0.0,0.0,0.0,37.1501298921544,0.0,0.0,0.0,35.782209548233126,0.0,0.0,0.0,35.37036722801835,0.0,18.052127432453737,0.0,17.479544323877555,36.732644534514066,0.0,0.0,0.0,36.98117078014507,0.0,0.0,0.0,35.84259220361385,0.0,0.0,0.0,0.0,0.0,0.0,0.0,0.0,0.0,17.64179449638931,0.0,0.0,0.0,33.95417999968047,34.641722333707385,34.3946802812767,0.0,0.0,0.0,35.84093926142474,36.43781549357837,0.0,0.0,0.0,0.0,18.15824937462974,17.312077626174386,-11.063185532468225,17.912037350204045,0.0,0.0,0.0,0.0,0.0,0.0,0.0,0.0,0.0,0.0,0.0,0.0,0.0,0.0,0.0,0.0,0.0,0.0,0.0,0.0,0.0,0.0,2018-05-01 11:30:09
-1057.0412440938078,-731.9561633340694,-911.5468929242197,0.0,0.0,0.0,0.0,0.0,0.0,35.28796416745677,0.0,0.0,17.49897828960378,0.0,0.5851845393526318,-17.867896577158128,-17.62659514844152,35.237325559308516,17.667697659471326,34.9608581577781,0.0,0.0,0.0,17.908903836652758,35.52714700172119,0.0,0.0,0.0,0.0,0.0,34.531535884718686,0.0,0.0,0.0,33.749773934335515,17.16623108291237,0.0,33.687380260299264,17.303975090120442,35.327572334621756,0.0,0.0,0.0,33.227802891820886,35.5733361541153,0.0,0.0,0.0,34.48771832067049,0.0,0.0,0.0,0.0,0.0,0.0,0.0,34.05094537610514,0.0,0.0,0.0,0.0,16.882077944689172,35.950214677231436,17.745888723147694,-17.340127847292365,-16.726940671168027,0.0,0.0,35.24353773718381,0.0,0.0,0.0,17.25249611253803,22.28741808784532,12.625238191413176,0.0,0.0,0.0,0.0,0.0,0.0,34.10950757184951,17.691759287227864,17.588294116483574,16.93319265520856,17.363773704510923,0.0,0.0,34.64095166124524,0.0,0.0,0.0,16.96334311124007,30.63371335406241,31.325685322211648,30.977684960884776,16.835873889557334,69.3613337300471,70.92856601833095,70.14374763114448,13.810879663902401,44.2409676567585,18.419213011011273,0.0,0.0,33.0326326164611,16.850037573444187,0.0,0.0,0.0,0.0,0.0,34.13546040704973,0.0,0.0,33.798263107055476,0.0,0.0,0.0,0.0,0.0,0.4040310526324937,-17.348506723546926,-16.97159550005418,0.0,0.0,0.0,0.0,17.575663622318032,0.0,16.77078189090213,17.472031148296246,0.0,0.0,17.63816039048045,0.0,0.0,0.0,0.0,0.0,34.33196655537703,18.437756905290584,-17.37119853489486,-17.022378955100624,0.0,67.55443580178353,0.0,39.64542406048875,31.30806119081496,51.738168146447684,0.0,0.0,65.51337019329878,0.0,-29.619029396843704,0.0,0.0,0.0,0.0,0.0,0.0,0.0,0.0,35.91741638183001,18.371124117469627,36.69936239769469,34.80429626349373,87.53088813751711,71.87764624142902,61.87557919906416,35.98209746741086,35.37505901613452,0.0,36.90320233172733,0.0,0.0,18.166186863741764,0.0,0.0,0.0,0.0,35.92415548651789,0.0,0.0,-18.221453521271556,17.742314284937613,-18.181288751265523,0.0,0.0,0.0,34.989211634572165,0.0,0.0,18.358267249438242,0.0,0.0,18.574536722711745,35.52227163445673,-18.05611756707534,18.268800997847514,-18.170262903157884,36.10676183555638,0.0,0.0,0.0,36.99799101975009,0.0,0.0,0.0,35.64881781195247,0.0,0.0,0.0,35.19251475527042,0.0,17.97823448017809,0.0,17.407990228689997,36.56385834274742,0.0,0.0,0.0,36.85328094570846,0.0,0.0,0.0,35.72462125016829,0.0,0.0,0.0,0.0,0.0,0.0,0.0,0.0,0.0,17.58372097722085,0.0,0.0,0.0,33.84235958724265,34.5275826058444,34.27565861491919,0.0,0.0,0.0,35.71686268499438,36.270336799975226,0.0,0.0,0.0,0.0,18.07478758769094,17.2325317394956,-11.232451787545209,17.829783742363674,0.0,0.0,0.0,0.0,0.0,0.0,0.0,0.0,0.0,0.0,0.0,0.0,0.0,0.0,0.0,0.0,0.0,0.0,0.0,0.0,0.0,0.0,2018-05-01 11:31:30
-1071.385985541609,-746.5824164444258,-926.047940620181,0.0,0.0,0.0,0.0,0.0,0.0,35.28530553085505,0.0,0.0,17.498176888445485,0.0,2.446868127923505,-15.960322862610367,-15.744533213572835,35.2355712795598,17.666817893817534,34.95911695997947,0.0,0.0,0.0,17.907127352350816,35.521340791697526,0.0,0.0,0.0,0.0,0.0,34.52672977597695,0.0,0.0,0.0,33.74425461355719,17.163424028669194,0.0,33.68268986463567,17.301566144532945,35.319057692692155,0.0,0.0,0.0,33.219792407708,35.567425386498535,0.0,0.0,0.0,34.48088297355296,0.0,0.0,0.0,0.0,0.0,0.0,0.0,34.0421573387243,0.0,0.0,0.0,0.0,16.878613094849978,35.94096318377754,19.9325030302641,-15.027931578944992,-14.495364772029406,0.0,0.0,35.23585562209963,0.0,0.0,0.0,17.248954839077598,22.281659102879935,12.623695053160187,0.0,0.0,0.0,0.0,0.0,0.0,34.10096033764261,17.688730752524798,17.58528293138508,16.929906548134333,17.35916445791142,0.0,0.0,34.63470459835368,0.0,0.0,0.0,16.958738038534293,30.625174296191602,31.319784678212486,30.971264337272533,16.83130290013898,69.34199736099339,70.9152049900664,70.12920789346106,16.181650312262455,46.72484142087767,20.84814621595605,0.0,0.0,33.02566917230068,16.84523417304475,0.0,0.0,0.0,0.0,0.0,34.12688289294326,0.0,0.0,33.78910075753894,0.0,0.0,0.0,0.0,0.0,2.604224914523403,-15.04273095502931,-14.715362617521976,0.0,0.0,0.0,0.0,17.572561435981942,0.0,16.767490833644672,17.4661320385123,0.0,0.0,17.634698800717675,0.0,0.0,0.0,0.0,0.0,34.32341812511911,20.625301345796395,-15.078752147559266,-14.776435008157954,0.0,67.5357443523283,0.0,39.62903837151633,31.299806901976776,51.72534837115478,0.0,0.0,65.49629880683676,0.0,-29.62561607860937,0.0,0.0,0.0,0.0,0.0,0.0,0.0,0.0,35.90455737926084,18.364544613000017,36.686216098904495,34.79529243658497,87.49710872395585,71.85828177156566,61.86022891181033,35.97278430296673,35.3659003823378,0.0,36.89250785496893,0.0,0.0,18.160789948526922,0.0,0.0,0.0,0.0,35.910638245488464,0.0,0.0,-16.65077436915428,19.305243046520793,-16.617682005030364,0.0,0.0,0.0,34.97585187686171,0.0,0.0,18.35312320508328,0.0,0.0,18.56932971578862,35.512314864952515,-16.39062259086495,19.924638971249014,-16.498029981947912,36.09286022214606,0.0,0.0,0.0,36.986716064520245,0.0,0.0,0.0,35.63886049899367,0.0,0.0,0.0,35.178966962182955,0.0,17.972758315509076,0.0,17.402687394992874,36.55077139919086,0.0,0.0,0.0,36.8435076983744,0.0,0.0,0.0,35.71561031631207,0.0,0.0,0.0,0.0,0.0,0.0,0.0,0.0,0.0,17.57928515237341,0.0,0.0,0.0,33.833818416460154,34.51886427731906,34.266563061994404,0.0,0.0,0.0,35.70738083676723,36.25735127586122,0.0,0.0,0.0,0.0,18.0683163442392,17.22636411835444,-11.24557459139836,17.823406177496754,0.0,0.0,0.0,0.0,0.0,0.0,0.0,0.0,0.0,0.0,0.0,0.0,0.0,0.0,0.0,0.0,0.0,0.0,0.0,0.0,0.0,0.0,2018-05-01 11:33:00
-1084.0289459049038,-759.4712089214536,-938.828431828888,0.0,0.0,0.0,0.0,0.0,0.0,35.28295944052461,0.0,0.0,17.49746922068326,0.0,4.11157247829269,-14.25422183552308,-14.061300316994217,35.23402070836584,17.666040287341215,34.95757795161885,0.0,0.0,0.0,17.90555963851726,35.516220108684124,0.0,0.0,0.0,0.0,0.0,34.522486347910444,0.0,0.0,0.0,33.73938694693054,17.160948397222317,0.0,33.67854860220419,17.299439228939853,35.3115715522639,0.0,0.0,0.0,33.21274952644884,35.56223667479431,0.0,0.0,0.0,34.47488658551091,0.0,0.0,0.0,0.0,0.0,0.0,0.0,34.03443696555865,0.0,0.0,0.0,0.0,16.875574531234978,35.93283446851469,21.83120149061805,-13.019439023325871,-12.557183007320369,0.0,0.0,35.2291224016483,0.0,0.0,0.0,17.245849254298395,22.276599883725883,12.622342239055593,0.0,0.0,0.0,0.0,0.0,0.0,34.09345295321142,17.686075343503976,17.58264273438482,16.92702530736378,17.35512173818097,0.0,0.0,34.62923366152574,0.0,0.0,0.0,16.954701109683448,30.617693432860147,31.31462210838718,30.965643279476726,16.827295849487946,69.325057229365,70.90351521035065,70.1164788033326,18.209643171494402,48.85030757903055,22.92653844737498,0.0,0.0,33.01957510266835,16.841028152342396,0.0,0.0,0.0,0.0,0.0,34.11930973074494,0.0,0.0,33.78100643859035,0.0,0.0,0.0,0.0,0.0,4.515276876883947,-13.038967072082846,-12.754777915279806,0.0,0.0,0.0,0.0,17.569819686893773,0.0,16.7645752567624,17.460905523466003,0.0,0.0,17.631632147523984,0.0,0.0,0.0,0.0,0.0,34.31583777588193,22.5299805384148,-13.081775614370352,-12.819861424003175,0.0,67.51917236307929,0.0,39.61455315713849,31.2924808637797,51.713987838873095,0.0,0.0,65.48117184272837,0.0,-29.631455438181103,0.0,0.0,0.0,0.0,0.0,0.0,0.0,0.0,35.893157266970775,18.358711571404903,36.67456128324179,34.78728070500139,87.46714995588421,71.84098710259924,61.84655940403752,35.96449731772092,35.35775090020861,0.0,36.88296993224838,0.0,0.0,18.155974577930127,0.0,0.0,0.0,0.0,35.898636458748925,0.0,0.0,-15.207125731538978,20.742672003608632,-15.179801119419018,0.0,0.0,0.0,34.96398524230037,0.0,0.0,18.348534884617013,0.0,0.0,18.564685203194593,35.503433749416786,-14.871205693822073,21.436071447902698,-14.971687432551066,36.080510521963895,0.0,0.0,0.0,36.976650500232196,0.0,0.0,0.0,35.62998316695378,0.0,0.0,0.0,35.166931579997545,0.0,17.96786954170619,0.0,17.397953360060622,36.539169204915964,0.0,0.0,0.0,36.8348135943385,0.0,0.0,0.0,35.70759807308966,0.0,0.0,0.0,0.0,0.0,0.0,0.0,0.0,0.0,17.57534095444471,0.0,0.0,0.0,33.826223871560074,34.51111220851948,34.25847182993022,0.0,0.0,0.0,35.69894596301823,36.24583898962193,0.0,0.0,0.0,0.0,18.06257927814626,17.220896228328243,-11.2572085338144,17.81775216288048,0.0,0.0,0.0,0.0,0.0,0.0,0.0,0.0,0.0,0.0,0.0,0.0,0.0,0.0,0.0,0.0,0.0,0.0,0.0,0.0,0.0,0.0,2018-05-01 11:34:30
-1095.170006289439,-770.8265537726896,-950.0902104656212,0.0,0.0,0.0,0.0,0.0,0.0,35.28088977760633,0.0,0.0,17.496844598769478,0.0,5.599726401801693,-12.728779070069049,-12.556344737025258,35.23265074500842,17.665353255108826,34.95621820425262,0.0,0.0,0.0,17.90417673315532,35.51170528083883,0.0,0.0,0.0,0.0,0.0,34.51874105236807,0.0,0.0,0.0,33.73509519941006,17.15876567070916,0.0,33.674893478996395,17.29756199016471,35.3049913955347,0.0,0.0,0.0,33.2065589847291,35.557683585120905,0.0,0.0,0.0,34.46962795292971,0.0,0.0,0.0,0.0,0.0,0.0,0.0,34.02765641926825,0.0,0.0,0.0,0.0,16.87291072244469,35.9256942220175,23.478896508031312,-11.275879738704356,-10.874872140516404,0.0,0.0,35.22322296530364,0.0,0.0,0.0,17.243126690204353,22.272156522284877,12.62115667683697,0.0,0.0,0.0,0.0,0.0,0.0,34.08686056003458,17.683747940290605,17.580328664104922,16.924499831785948,17.35157675300852,0.0,0.0,34.62444413554618,0.0,0.0,0.0,16.951163054765363,30.61114112594379,31.31010687764141,30.9607236806775,16.82378398040536,69.31021977537975,70.89329122408687,70.10533819410227,19.94335179175333,50.66788309383599,24.703822167687665,0.0,0.0,33.01424344036731,16.837346047422887,0.0,0.0,0.0,0.0,0.0,34.112625127147645,0.0,0.0,33.77385758689091,0.0,0.0,0.0,0.0,0.0,6.174271090363229,-11.298708981388092,-11.05211793449992,0.0,0.0,0.0,0.0,17.56739745769063,0.0,16.761993337549487,17.45627618097875,0.0,0.0,17.628916441084762,0.0,0.0,0.0,0.0,0.0,34.309118385597394,24.186860380116183,-11.34384368719457,-11.117008726279245,0.0,67.50448571131987,0.0,39.601752187880194,31.285981451838197,51.70392416273491,0.0,0.0,65.46777300705692,0.0,-29.63663087207091,0.0,0.0,0.0,0.0,0.0,0.0,0.0,0.0,35.883053252569226,18.35354169766001,36.66423152176939,34.78015426582539,87.44058722590057,71.82554746437356,61.834390737899454,35.95712603966028,35.350501930903484,0.0,36.87446687516069,0.0,0.0,18.15167985054969,0.0,0.0,0.0,0.0,35.887983024074444,0.0,0.0,-13.88182504330597,22.063003790568583,-13.85920709162849,0.0,0.0,0.0,34.95344759620112,0.0,0.0,18.344443688189294,0.0,0.0,18.56054387493228,35.49551486264908,-13.48653385284797,22.814136798935507,-13.580081437596347,36.069542449285755,0.0,0.0,0.0,36.967668351580315,0.0,0.0,0.0,35.6220715826375,0.0,0.0,0.0,35.15624265742219,0.0,17.96350697384145,0.0,17.39372887560601,36.528886081957374,0.0,0.0,0.0,36.82708253741535,0.0,0.0,0.0,35.7004763428473,0.0,0.0,0.0,0.0,0.0,0.0,0.0,0.0,0.0,17.571835130737437,0.0,0.0,0.0,33.81947341480025,34.50422173513308,34.2512768708038,0.0,0.0,0.0,35.69144542716222,36.23563554839904,0.0,0.0,0.0,0.0,18.057494465477035,17.216049989112527,-11.26751975726846,17.812740960202213,0.0,0.0,0.0,0.0,0.0,0.0,0.0,0.0,0.0,0.0,0.0,0.0,0.0,0.0,0.0,0.0,0.0,0.0,0.0,0.0,0.0,0.0,2018-05-01 11:36:00
-1104.9866905502847,-780.8297324314003,-960.0126404099562,0.0,0.0,0.0,0.0,0.0,0.0,35.27906433175551,0.0,0.0,17.49629345216279,0.0,6.929728156890295,-11.365231176327898,-11.21114206523741,35.23144070026013,17.664746421541132,34.95501718294298,0.0,0.0,0.0,17.902957206775792,35.507725332770384,0.0,0.0,0.0,0.0,0.0,34.51543621139657,0.0,0.0,0.0,33.73131190266396,17.156841535612163,0.0,33.67166820577685,17.295905518546135,35.2992084963437,0.0,0.0,0.0,33.20111849423053,35.55368933623908,0.0,0.0,0.0,34.465017356523106,0.0,0.0,0.0,0.0,0.0,0.0,0.0,34.02170233191593,0.0,0.0,0.0,0.0,16.870575998648437,35.919423321392316,24.90801166911421,-9.763158847179668,-9.41545133302178,0.0,0.0,35.21805534873926,0.0,0.0,0.0,17.24074046964981,22.268254634128716,12.620117918556558,0.0,0.0,0.0,0.0,0.0,0.0,34.081072495873364,17.68170853150046,17.578300938388317,16.92228663380247,17.348468641174495,0.0,0.0,34.62025215487865,0.0,0.0,0.0,16.948062629911973,30.605402845862418,31.306158741586845,30.95641881569544,16.820706502333056,69.29722565185477,70.884351330747,70.09558967323,21.424683368584766,52.221272334890614,26.222756389209906,0.0,0.0,33.00957967079104,16.83412299589223,0.0,0.0,0.0,0.0,0.0,34.10672581831592,0.0,0.0,33.76754482887977,0.0,0.0,0.0,0.0,0.0,7.613752253126517,-9.78811011329479,-9.574230728076044,0.0,0.0,0.0,0.0,17.565258107859037,0.0,16.759707521319008,17.452176481711383,0.0,0.0,17.626512180756094,0.0,0.0,0.0,0.0,0.0,34.30316372137482,25.627016246070554,-9.832628678401612,-9.63623233209908,0.0,67.491473851256,0.0,39.59044211631842,31.280217158749693,51.69501159687876,0.0,0.0,65.45590810674175,0.0,-29.641217095859613,0.0,0.0,0.0,0.0,0.0,0.0,0.0,0.0,35.87409948774307,18.34896036639068,36.655077708050186,34.77381683943614,87.41703981226178,71.81176810007348,61.82356063388245,35.950570881548124,35.34405553971343,0.0,36.866888557864534,0.0,0.0,18.147850611145547,0.0,0.0,0.0,0.0,35.87852800186182,0.0,0.0,-12.666467566906446,23.274412382947787,-12.647694005990994,0.0,0.0,0.0,34.94409160604156,0.0,0.0,18.340796646598807,0.0,0.0,18.55685211940712,35.48845567804184,-12.225854249163657,24.06934534947319,-12.312591170574851,36.05980309604374,0.0,0.0,0.0,36.95965544146394,0.0,0.0,0.0,35.6150225142867,0.0,0.0,0.0,35.14675117859901,0.0,17.95961515722728,0.0,17.38996024220391,36.519773596835144,0.0,0.0,0.0,36.82020977416578,0.0,0.0,0.0,35.694147686805465,0.0,0.0,0.0,0.0,0.0,0.0,0.0,0.0,0.0,17.568719714957528,0.0,0.0,0.0,33.813474687345376,34.498098582825065,34.244880693377546,0.0,0.0,0.0,35.684777597596664,36.22659366999417,0.0,0.0,0.0,0.0,18.052988509254064,17.21175544732073,-11.276657110628214,17.808300234752007,0.0,0.0,0.0,0.0,0.0,0.0,0.0,0.0,0.0,0.0,0.0,0.0,0.0,0.0,0.0,0.0,0.0,0.0,0.0,0.0,0.0,0.0,2018-05-01 11:37:30
-1113.6363429365324,-789.6414623225744,-968.7547534587926,0.0,0.0,0.0,0.0,0.0,0.0,35.27745444544275,0.0,0.0,17.49580723777945,0.0,8.118128327008547,-10.146685102382072,-10.009016125952112,35.23037209455056,17.66421051919439,34.95395654592983,0.0,0.0,0.0,17.9018819531384,35.50421717873876,0.0,0.0,0.0,0.0,0.0,34.51252041256976,0.0,0.0,0.0,33.72797708814809,17.15514549270963,0.0,33.66882260797417,17.294444044862423,35.294126571524984,0.0,0.0,0.0,33.19633747284645,35.55018591256477,0.0,0.0,0.0,34.460975441602024,0.0,0.0,0.0,0.0,0.0,0.0,0.0,34.016474380572994,0.0,0.0,0.0,0.0,16.86852997814983,35.913916337177845,26.146967314470604,-8.45136102417199,-8.14999576613604,0.0,0.0,35.21352944019281,0.0,0.0,0.0,17.23864932025832,22.26482841485916,12.619207890156503,0.0,0.0,0.0,0.0,0.0,0.0,34.07599088537855,17.679921732631634,17.57652437545055,16.92034728517459,17.34574366865671,0.0,0.0,34.616583659547466,0.0,0.0,0.0,16.945345797797625,30.600377615693294,31.30270692055572,30.952652191593454,16.818009777909904,69.28584620097197,70.87653526117168,70.08706001946513,22.68978197236889,53.548205772839744,27.52025020071011,0.0,0.0,33.00550046759564,16.831301845074933,0.0,0.0,0.0,0.0,0.0,34.10151991786639,0.0,0.0,33.76197077705754,0.0,0.0,0.0,0.0,0.0,8.862229264296923,-8.477479666275006,-8.292039988787266,0.0,0.0,0.0,0.0,17.563368920497116,0.0,16.75768418268157,17.44854609307878,0.0,0.0,17.62438399879269,0.0,0.0,0.0,0.0,0.0,34.29788754455962,26.87790092889494,-8.5195348788967,-8.349536501438324,0.0,67.47994799482822,0.0,39.58045047636574,31.27510582935649,51.68711964039224,0.0,0.0,65.44540322790361,0.0,-29.645280907619423,0.0,0.0,0.0,0.0,0.0,0.0,0.0,0.0,35.86616557834646,18.34490085954685,36.64696653498126,34.76818183138692,87.39616708283279,71.79947289000987,61.813923043753846,35.94474227402013,35.338323643551455,0.0,36.86013559044313,0.0,0.0,18.144437046902343,0.0,0.0,0.0,0.0,35.870137119215826,0.0,0.0,-11.552989410855355,24.38477173023074,-11.537359893660309,0.0,0.0,0.0,34.935785277687806,0.0,0.0,18.337545985142604,0.0,0.0,18.553561582067868,35.482163723380495,-11.079030860795742,25.211633617787452,-11.159175163162496,36.051155432114584,0.0,0.0,0.0,36.952508572407226,0.0,0.0,0.0,35.60874288188743,0.0,0.0,0.0,35.1383236015051,0.0,17.95614396984758,0.0,17.386598924307346,36.511699044203105,0.0,0.0,0.0,36.81410105138097,0.0,0.0,0.0,35.68852454344493,0.0,0.0,0.0,0.0,0.0,0.0,0.0,0.0,0.0,17.56595160307978,0.0,0.0,0.0,33.80814469260834,34.49265803365323,34.23919557890006,0.0,0.0,0.0,35.67885103020855,36.218581678287215,0.0,0.0,0.0,0.0,18.04899578966376,17.207950061862114,-11.284753669954448,17.804365316464168,0.0,0.0,0.0,0.0,0.0,0.0,0.0,0.0,0.0,0.0,0.0,0.0,0.0,0.0,0.0,0.0,0.0,0.0,0.0,0.0,0.0,0.0,2018-05-01 11:39:00
-1121.2581605090315,-797.403963329065,-976.4572917751683,0.0,0.0,0.0,0.0,0.0,0.0,35.276034692429285,0.0,0.0,17.495378354033484,0.0,9.179800387544908,-9.057948634126113,-8.934971121023718,35.22942847831086,17.663737298663687,34.95301996631511,0.0,0.0,0.0,17.900933990280112,35.50112489754557,0.0,0.0,0.0,0.0,0.0,34.50994797905825,0.0,0.0,0.0,33.72503759783183,17.153650506519448,0.0,33.66631210851235,17.2931546747177,35.28966057709955,0.0,0.0,0.0,33.19213591215823,35.54711322819788,0.0,0.0,0.0,34.457432209397965,0.0,0.0,0.0,0.0,0.0,0.0,0.0,34.011884010427856,0.0,0.0,0.0,0.0,16.866737049939925,35.90908019587319,27.22062903040964,-7.314289703373911,-7.053186113819697,0.0,0.0,35.20956581010704,0.0,0.0,0.0,17.236816845563645,22.261819798208155,12.618410656874717,0.0,0.0,0.0,0.0,0.0,0.0,34.071529380516225,17.67835633414269,17.574967944547737,16.91864791895321,17.343354509198125,0.0,0.0,34.61337341780641,0.0,0.0,0.0,16.94296499391631,30.595976617518144,31.29968914119109,30.94935651321213,16.815646594681436,69.27588029841685,70.86970200740569,70.07959684026663,23.769767907911042,54.68119682652391,28.628105356111856,0.0,0.0,33.00193255451498,16.828832352943845,0.0,0.0,0.0,0.0,0.0,34.09692589060102,0.0,0.0,33.757048960338835,0.0,0.0,0.0,0.0,0.0,9.944635782733412,-7.3408184809717945,-7.180088647582814,0.0,0.0,0.0,0.0,17.561700777455588,0.0,16.75589331895976,17.445331282113283,0.0,0.0,17.622500337876783,0.0,0.0,0.0,0.0,0.0,34.29321286172372,27.96370080096496,-7.379340983811248,-7.232225750405319,0.0,67.46973947137553,0.0,39.571623898058974,31.270573973540156,51.680131876902756,0.0,0.0,65.4361031926757,0.0,-29.64888183330878,0.0,0.0,0.0,0.0,0.0,0.0,0.0,0.0,35.85913532480395,18.341303721919328,36.63977920708057,34.76317167286392,87.37766529579133,71.78850323936267,61.805347076411906,35.93955998339434,35.33322734008784,0.0,36.85411864190406,0.0,0.0,18.1413943578681,0.0,0.0,0.0,0.0,35.86269054539962,0.0,0.0,-10.533710441485566,25.401606023708844,-10.520656228656826,0.0,0.0,0.0,34.92841077084469,0.0,0.0,18.33464879826606,0.0,0.0,18.550628836250983,35.476555951106484,-10.03656188632164,26.250339471812733,-10.110396746266243,36.04347708907699,0.0,0.0,0.0,36.94613486846253,0.0,0.0,0.0,35.60314912048786,0.0,0.0,0.0,35.13084067264451,0.0,17.95304830273155,0.0,17.38360124073902,36.50454416490621,0.0,0.0,0.0,36.80867189096322,0.0,0.0,0.0,35.68352853758297,0.0,0.0,0.0,0.0,0.0,0.0,0.0,0.0,0.0,17.56349221323375,0.0,0.0,0.0,33.80340914136992,34.48782425761419,34.234142906192474,0.0,0.0,0.0,35.673583764806054,36.21148223125231,0.0,0.0,0.0,0.0,18.045457830175376,17.204578099795437,-11.291928024177395,17.800878575197306,0.0,0.0,0.0,0.0,0.0,0.0,0.0,0.0,0.0,0.0,0.0,0.0,0.0,0.0,0.0,0.0,0.0,0.0,0.0,0.0,0.0,0.0,2018-05-01 11:40:30
-1127.975082024691,-804.242863692062,-983.2445854200038,0.0,0.0,0.0,0.0,0.0,0.0,35.2747825529083,0.0,0.0,17.495000052442574,0.0,10.128094710162488,-8.085376729296991,-7.975539511591473,35.22859523971599,17.663319432166546,34.95219294123946,0.0,0.0,0.0,17.900098257208455,35.498399002196464,0.0,0.0,0.0,0.0,0.0,34.507678408005305,0.0,0.0,0.0,33.722446389952395,17.152332652214366,0.0,33.66409717971074,17.292017107042216,35.2857355143002,0.0,0.0,0.0,33.18844325416079,35.544418308027915,0.0,0.0,0.0,34.45432602755599,0.0,0.0,0.0,0.0,0.0,0.0,0.0,34.0078531779256,0.0,0.0,0.0,0.0,16.865165867762613,35.90483286162006,28.150714368301553,-6.329047253200981,-6.102898958602806,0.0,0.0,35.20609457297003,0.0,0.0,0.0,17.235211007916682,22.259177625709228,12.617712200133298,0.0,0.0,0.0,0.0,0.0,0.0,34.06761192108748,17.6769848622594,17.573604329300004,16.91715874205155,17.341259543760042,0.0,0.0,34.61056408339445,0.0,0.0,0.0,16.940878414730324,30.592121846004858,31.297050717271414,30.94647268178402,16.813575458518617,69.2671513044836,70.86372774135529,70.07306630413765,24.69139306844083,55.648215254874955,29.57367659812933,0.0,0.0,32.998811606350316,16.82667041867831,0.0,0.0,0.0,0.0,0.0,34.09287150625734,0.0,0.0,33.75270272771344,0.0,0.0,0.0,0.0,0.0,10.882744813590897,-6.355398729219838,-6.216125840678125,0.0,0.0,0.0,0.0,17.560227816633663,0.0,16.75430821532233,17.442484271050084,0.0,0.0,17.62083309890105,0.0,0.0,0.0,0.0,0.0,34.289071063346825,28.90566997446745,-6.389861901735281,-6.26257488540256,0.0,67.46069790743509,0.0,39.56382624039942,31.26655599768626,51.67394464209146,0.0,0.0,65.42786980730622,0.0,-29.65207283413063,0.0,0.0,0.0,0.0,0.0,0.0,0.0,0.0,35.85290534154165,18.33811605475711,36.633410029093504,34.75871700488297,87.36126404778824,71.77871664068094,61.797715615721046,35.93495226784854,35.3286960779336,0.0,36.848757586512335,0.0,0.0,18.13868233506582,0.0,0.0,0.0,0.0,35.85608150324412,0.0,0.0,-9.601364116255159,26.332053924287948,-9.590423274949094,0.0,0.0,0.0,34.921863041721735,0.0,0.0,18.332066622012068,0.0,0.0,18.54801495052106,35.47155791075939,-9.089584673390926,27.19419082878709,-9.157435548694181,36.03665895745961,0.0,0.0,0.0,36.94045091358698,0.0,0.0,0.0,35.5981663396887,0.0,0.0,0.0,35.12419605997863,0.0,17.950287641476933,0.0,17.38092795946083,36.49820374093189,0.0,0.0,0.0,36.80384673224165,0.0,0.0,0.0,35.67908964403254,0.0,0.0,0.0,0.0,0.0,0.0,0.0,0.0,0.0,17.56130707400455,0.0,0.0,0.0,33.79920165906016,34.48352950349019,34.22965235337913,0.0,0.0,0.0,35.66890249295343,36.20519092682048,0.0,0.0,0.0,0.0,18.042322602784946,17.20158997416519,-11.298285684207208,17.79778873602394,0.0,0.0,0.0,0.0,0.0,0.0,0.0,0.0,0.0,0.0,0.0,0.0,0.0,0.0,0.0,0.0,0.0,0.0,0.0,0.0,0.0,0.0,2018-05-01 11:42:00
-1133.895619273049,-810.2690560085197,-989.2264004582389,0.0,0.0,0.0,0.0,0.0,0.0,35.27367810417927,0.0,0.0,17.49466635070076,0.0,10.974997574434537,-7.216711805705441,-7.118624043106938,35.22785941561467,17.662950418724794,34.95146260422188,0.0,0.0,0.0,17.899361415496656,35.49599574856214,0.0,0.0,0.0,0.0,0.0,34.505675825844925,0.0,0.0,0.0,33.72016188183984,17.15117078139117,0.0,33.66214281171775,17.291013361084264,35.28228531552248,0.0,0.0,0.0,33.18519734318093,35.54205450708849,0.0,0.0,0.0,34.45160268311456,0.0,0.0,0.0,0.0,0.0,0.0,0.0,34.004313178042196,0.0,0.0,0.0,0.0,16.863788866339604,35.90110210611513,28.956174467552874,-5.47563924724773,-5.279821560669807,0.0,0.0,35.203054300720076,0.0,0.0,0.0,17.233803634040637,22.256856873382638,12.617100197249846,0.0,0.0,0.0,0.0,0.0,0.0,34.06417158050876,17.67578316219923,17.572409513304088,16.91585357019566,17.339422209918723,0.0,0.0,34.608105304253556,0.0,0.0,0.0,16.939049357206752,30.588744860593476,31.294743683277463,30.943948844978262,16.811759938043796,69.25950423845174,70.8585038528943,70.06735098942025,25.477634348155412,56.47329915565076,30.380471413689936,0.0,0.0,32.99608120787289,16.824777370257294,0.0,0.0,0.0,0.0,0.0,34.089292848979866,0.0,0.0,33.74886420880238,0.0,0.0,0.0,0.0,0.0,11.695555545446432,-5.501369279725605,-5.3807194178146736,0.0,0.0,0.0,0.0,17.558927100380224,0.0,16.752905119052638,17.439962626711882,0.0,0.0,17.619357298359127,0.0,0.0,0.0,0.0,0.0,34.28540109118088,29.722457937833333,-5.531614655949903,-5.421502754795361,0.0,67.45268944295555,0.0,39.556936804653844,31.262993440046507,51.66846575041738,0.0,0.0,65.42058016659144,0.0,-29.654900975615273,0.0,0.0,0.0,0.0,0.0,0.0,0.0,0.0,35.84738375112052,18.33529084760583,36.627765070965985,34.75475589060027,87.34672290729523,71.76998522845267,61.79092401410958,35.93085506267564,35.32466685541844,0.0,36.843980665403286,0.0,0.0,18.13626494585297,0.0,0.0,0.0,0.0,35.85021495882671,0.0,0.0,-8.749101698301024,27.182859443356428,-8.739898885958429,0.0,0.0,0.0,34.91604856357881,0.0,0.0,18.32976502014862,0.0,0.0,18.54568506982516,35.467102947893835,-8.229857829391218,28.051318313309316,-8.292074834575244,36.03060386516755,0.0,0.0,0.0,36.93538190508224,0.0,0.0,0.0,35.59372751364844,0.0,0.0,0.0,35.11829506497909,0.0,17.947825655087815,0.0,17.378543899426347,36.49258426638022,0.0,0.0,0.0,36.79955809242802,0.0,0.0,0.0,35.67514537934995,0.0,0.0,0.0,0.0,0.0,0.0,0.0,0.0,0.0,17.559365426555797,0.0,0.0,0.0,33.795463019652445,34.47971331685908,34.225661116505655,0.0,0.0,0.0,35.66474174340903,36.19961498416289,0.0,0.0,0.0,0.0,18.03954387084423,17.198941617660303,-11.303920415810857,17.795050231563604,0.0,0.0,0.0,0.0,0.0,0.0,0.0,0.0,0.0,0.0,0.0,0.0,0.0,0.0,0.0,0.0,0.0,0.0,0.0,0.0,0.0,0.0,2018-05-01 11:43:30
-1131.1476539251114,-808.7799352513914,-986.8993803964041,0.0,0.0,0.0,0.0,0.0,0.0,35.19129501791274,0.0,0.0,17.45986603783846,0.0,10.9563371830458,-7.2168032748219675,-7.119198808026437,35.157150146616544,17.62224426644586,34.8724879987525,0.0,0.0,0.0,17.85264020641308,35.46259957616412,0.0,0.0,0.0,0.0,0.0,34.39799888062866,0.0,0.0,0.0,33.60355158086021,17.109560849254667,0.0,33.55856469508569,17.25457819999861,35.24796312683039,0.0,0.0,0.0,33.06946441590687,35.48802530887403,0.0,0.0,0.0,34.3784590883911,0.0,0.0,0.0,0.0,0.0,0.0,0.0,33.92700807420174,0.0,0.0,0.0,0.0,16.812176152297713,35.859401281492474,28.861606876868585,-5.475793063709364,-5.280716811064096,0.0,0.0,35.15028174202276,0.0,0.0,0.0,17.200865860197478,22.23427658503596,12.60330007971354,0.0,0.0,0.0,0.0,0.0,0.0,33.98860058440531,17.642479073333554,17.533804714714496,16.87999602419283,17.309855445337046,0.0,0.0,34.52321365901789,0.0,0.0,0.0,16.90100941752287,30.5423209744167,31.245105979840453,30.896331683973976,16.767475430735303,69.26597384442334,70.86026365205274,70.07241142780613,25.42488029179429,56.29347983154081,30.382260891705005,0.0,0.0,32.87552839854013,16.790054729391517,0.0,0.0,0.0,0.0,0.0,34.001245396194875,0.0,0.0,33.64320535260156,0.0,0.0,0.0,0.0,0.0,11.656047701781247,-5.501550301978071,-5.3817411151700805,0.0,0.0,0.0,0.0,17.52790108104825,0.0,16.690561172050547,17.42863936390443,0.0,0.0,17.58531042662473,0.0,0.0,0.0,0.0,0.0,34.211619632920794,29.669255953514316,-5.53199563972589,-5.423052041036539,0.0,67.40443687126172,0.0,39.51291826805027,31.22601680713585,51.57532243785724,0.0,0.0,65.24990198011591,0.0,-30.35464107340228,0.0,0.0,0.0,0.0,0.0,0.0,0.0,0.0,35.78537935342688,18.325946743093994,36.56304529889913,34.652938596466285,87.18712761138775,71.65479738988162,61.612102602220205,35.83433667532752,35.21429915235734,0.0,36.77879127749652,0.0,0.0,18.110578127770086,0.0,0.0,0.0,0.0,35.746830726664015,0.0,0.0,-8.751862838520394,27.130287571054993,-8.742609387343153,0.0,0.0,0.0,34.828425735564295,0.0,0.0,18.30741507139285,0.0,0.0,18.530241896557246,35.38008694853285,-8.232518925197217,27.986970009931433,-8.294559289706159,35.94730355180602,0.0,0.0,0.0,36.88589141561346,0.0,0.0,0.0,35.52934208360018,0.0,0.0,0.0,35.02653483381003,0.0,17.915805155747254,0.0,17.31600678532596,36.43731198827497,0.0,0.0,0.0,36.746216409440834,0.0,0.0,0.0,35.60087861024909,0.0,0.0,0.0,0.0,0.0,0.0,0.0,0.0,0.0,17.526027663489913,0.0,0.0,0.0,33.66775236988807,34.382343986692476,34.10130330960741,0.0,0.0,0.0,35.58760317604407,36.15103446164643,0.0,0.0,0.0,0.0,18.019944163049022,17.150905623727827,-11.00219559479509,17.761760246584394,0.0,0.0,0.0,0.0,0.0,0.0,0.0,0.0,0.0,0.0,0.0,0.0,0.0,0.0,0.0,0.0,0.0,0.0,0.0,0.0,0.0,0.0,2018-05-01 11:45:00
-1136.464408382254,-814.1884441823918,-992.269884722099,0.0,0.0,0.0,0.0,0.0,0.0,35.19030565634111,0.0,0.0,17.459567006612783,0.0,11.762788038518053,-6.389659776448211,-6.3032007428695795,35.15648966350046,17.621913135149025,34.871832607273724,0.0,0.0,0.0,17.85198157194194,35.460447757035425,0.0,0.0,0.0,0.0,0.0,34.396209490761876,0.0,0.0,0.0,33.60151124220062,17.108522084658116,0.0,33.556818312267765,17.253680400322835,35.24488918119926,0.0,0.0,0.0,33.06657976188588,35.48592633538615,0.0,0.0,0.0,34.37604292206494,0.0,0.0,0.0,0.0,0.0,0.0,0.0,33.92386209529882,0.0,0.0,0.0,0.0,16.8109562750168,35.856081334807364,29.565425719366218,-4.7300514633432,-4.561417264484081,0.0,0.0,35.14758658567434,0.0,0.0,0.0,17.19961763905652,22.232210949699073,12.602756363052643,0.0,0.0,0.0,0.0,0.0,0.0,33.98554260460584,17.641413645992575,17.532745722966848,16.878838358500428,17.308224098178307,0.0,0.0,34.521037912755126,0.0,0.0,0.0,16.899387275196066,30.539325986636484,31.24306503248187,30.89409566979357,16.765865921418502,69.25918085309007,70.85563481641591,70.06733972898284,26.10094712119469,57.00292560763211,31.07605900789963,0.0,0.0,32.87311551534777,16.788377715940545,0.0,0.0,0.0,0.0,0.0,33.998048860520015,0.0,0.0,33.63977738263445,0.0,0.0,0.0,0.0,0.0,12.332680604436769,-4.790495584186632,-4.686097956002804,0.0,0.0,0.0,0.0,17.526739607817657,0.0,16.68930418055525,17.426371076269593,0.0,0.0,17.5839859276506,0.0,0.0,0.0,0.0,0.0,34.20831492410975,30.40322135953711,-4.760810190090863,-4.667116356480602,0.0,67.39720773409456,0.0,39.50673576928784,31.222795915763513,51.570386907467636,0.0,0.0,65.24334188759775,0.0,-30.357184497965136,0.0,0.0,0.0,0.0,0.0,0.0,0.0,0.0,35.78041410091353,18.32340309137482,36.557969303530605,34.64936409226935,87.17405202546115,71.64686441825496,61.60596865257102,35.83063846633837,35.210663907000594,0.0,36.77446237140693,0.0,0.0,18.108386045060247,0.0,0.0,0.0,0.0,35.74155150633204,0.0,0.0,-7.954543378084896,27.92633341254188,-7.94675256331967,0.0,0.0,0.0,34.82318877166216,0.0,0.0,18.305328430886174,0.0,0.0,18.528128777359665,35.376053057417664,-7.436481686891939,28.78063991426564,-7.493154805750138,35.94184873623784,0.0,0.0,0.0,36.881292041169885,0.0,0.0,0.0,35.52532364061367,0.0,0.0,0.0,35.021220443871314,0.0,17.913572260778224,0.0,17.31384849630395,36.432257575344174,0.0,0.0,0.0,36.742340008083964,0.0,0.0,0.0,35.597319305585174,0.0,0.0,0.0,0.0,0.0,0.0,0.0,0.0,0.0,17.524275199013243,0.0,0.0,0.0,33.664384364431676,34.378902831402726,34.09770363568701,0.0,0.0,0.0,35.58384508432438,36.14601828295851,0.0,0.0,0.0,0.0,18.017443735234583,17.148526579375268,-11.007262609440808,17.759297925280947,0.0,0.0,0.0,0.0,0.0,0.0,0.0,0.0,0.0,0.0,0.0,0.0,0.0,0.0,0.0,0.0,0.0,0.0,0.0,0.0,0.0,0.0,2018-05-01 11:45:09
-1141.1435563910757,-818.9468132505756,-996.9956849406896,0.0,0.0,0.0,0.0,0.0,0.0,35.18943438717572,0.0,0.0,17.4593036784921,0.0,12.477068604568238,-5.6569960280830225,-5.580418091319902,35.155907390872265,17.621621214452023,34.87125482335515,0.0,0.0,0.0,17.851401739532726,35.45855327590983,0.0,0.0,0.0,0.0,0.0,34.39463266175914,0.0,0.0,0.0,33.599714909426055,17.107607546833073,0.0,33.55527938149039,17.25288924987929,35.24219023430252,0.0,0.0,0.0,33.06404701436381,35.484087520449,0.0,0.0,0.0,34.373927076113866,0.0,0.0,0.0,0.0,0.0,0.0,0.0,33.921102425502184,0.0,0.0,0.0,0.0,16.809888450555995,35.85316856730242,30.17375974128389,-4.085362319679428,-3.939617906500408,0.0,0.0,35.145228942122436,0.0,0.0,0.0,17.19852500367369,22.230398629269157,12.602280485708128,0.0,0.0,0.0,0.0,0.0,0.0,33.9828600585852,17.64048119917755,17.53181890848228,16.877824881711664,17.306794899613454,0.0,0.0,34.51913583705361,0.0,0.0,0.0,16.89796683535437,30.536704943707843,31.24128243475692,30.892140917915555,16.76445654374082,69.25323601204597,70.85159191433735,70.06290598665906,26.676603406892706,57.607067066825216,31.66688847580196,0.0,0.0,32.87100686308615,16.78691078507347,0.0,0.0,0.0,0.0,0.0,33.99523053708234,0.0,0.0,33.63675311940122,0.0,0.0,0.0,0.0,0.0,12.92224430784731,-4.170809135947585,-4.079859105048062,0.0,0.0,0.0,0.0,17.525714956092123,0.0,16.68819308301504,17.424364781763177,0.0,0.0,17.58281515794561,0.0,0.0,0.0,0.0,0.0,34.20539192691865,31.035491384105256,-4.096277074764772,-4.015709130021844,0.0,67.3908184407221,0.0,39.50128233038294,31.2199465765248,51.566024942126575,0.0,0.0,65.23754503937751,0.0,-30.35943558452774,0.0,0.0,0.0,0.0,0.0,0.0,0.0,0.0,35.77601951806812,18.321151788227567,36.55347670554918,34.646190678129535,87.16247523705505,71.63980091296018,61.600518512141456,35.82735522802753,35.207436567198016,0.0,36.77061222944276,0.0,0.0,18.106435753876102,0.0,0.0,0.0,0.0,35.73687195371394,0.0,0.0,-7.22822890412026,28.651679981258408,-7.221643495850592,0.0,0.0,0.0,34.818544808382335,0.0,0.0,18.3034715614409,0.0,0.0,18.52624833347618,35.372463359379964,-6.716033429019732,29.499107113862863,-6.767718059262272,35.93701130411978,0.0,0.0,0.0,36.87719799878244,0.0,0.0,0.0,35.52174979760777,0.0,0.0,0.0,35.01650754167109,0.0,17.911584692876115,0.0,17.3119273374202,36.427784078372575,0.0,0.0,0.0,36.73890083686872,0.0,0.0,0.0,35.594161600280316,0.0,0.0,0.0,0.0,0.0,0.0,0.0,0.0,0.0,17.522720466796876,0.0,0.0,0.0,33.66139637418675,34.37584994477936,34.09450998050494,0.0,0.0,0.0,35.58051087968791,36.14157862398723,0.0,0.0,0.0,0.0,18.015230686676993,17.146420963485788,-11.01174724555112,17.75711860369086,0.0,0.0,0.0,0.0,0.0,0.0,0.0,0.0,0.0,0.0,0.0,0.0,0.0,0.0,0.0,0.0,0.0,0.0,0.0,0.0,0.0,0.0,2018-05-01 11:46:30
-1145.262641094298,-823.1342494472593,-1001.1552283855125,0.0,0.0,0.0,0.0,0.0,0.0,35.18866694172085,0.0,0.0,17.45907174905193,0.0,13.109649807818542,-5.008091290894239,-4.940271725010797,35.15539397025847,17.62136381251178,34.870745360669126,0.0,0.0,0.0,17.85089117856312,35.45688494969858,0.0,0.0,0.0,0.0,0.0,34.39324282592389,0.0,0.0,0.0,33.59813301498914,17.106802182531197,0.0,33.55392294957386,17.252191920460938,35.2398198905387,0.0,0.0,0.0,33.06182263476825,35.482476254252845,0.0,0.0,0.0,34.37207377878897,0.0,0.0,0.0,0.0,0.0,0.0,0.0,33.918681002444394,0.0,0.0,0.0,0.0,16.808953511183084,35.85061237197983,30.69945124405787,-3.52815717205416,-3.4022196293619973,0.0,0.0,35.14316610311082,0.0,0.0,0.0,17.197568340957755,22.228808106913934,12.601863870657933,0.0,0.0,0.0,0.0,0.0,0.0,33.980506181512055,17.63966493108967,17.531007570954163,16.876937394821613,17.30554242405507,0.0,0.0,34.51747257895984,0.0,0.0,0.0,16.896722637865306,30.534410443793973,31.239725072603683,30.89043156672281,16.76322203585503,69.24803180859203,70.84805984346657,70.05902885976826,27.16665777614523,58.12141647722775,32.16991800909021,0.0,0.0,32.869163557953044,16.785627216103233,0.0,0.0,0.0,0.0,0.0,33.992745042077196,0.0,0.0,33.63408434453617,0.0,0.0,0.0,0.0,0.0,13.435834803154307,-3.630874430289347,-3.551654056143937,0.0,0.0,0.0,0.0,17.52481082487057,0.0,16.68721073428929,17.422589766929185,0.0,0.0,17.581780051581596,0.0,0.0,0.0,0.0,0.0,34.2028059586676,31.579965380035226,-3.523852321470564,-3.4545795805287747,0.0,67.38517013367877,0.0,39.49647078405401,31.217425357027732,51.562168967726436,0.0,0.0,65.23242144743284,0.0,-30.361428440565554,0.0,0.0,0.0,0.0,0.0,0.0,0.0,0.0,35.77212902786934,18.319158726903364,36.54949944311258,34.643372757879256,87.1522229023791,71.63351050149079,61.595674935994275,35.82443978629525,35.20457076203147,0.0,36.76718724710061,0.0,0.0,18.104700278877672,0.0,0.0,0.0,0.0,35.73272291216106,0.0,0.0,-6.566910743307367,29.312275761067294,-6.561321756376261,0.0,0.0,0.0,34.814425665350775,0.0,0.0,18.301818837138676,0.0,0.0,18.524574616470172,35.369268314450984,-6.064270542809465,30.149209711397976,-6.111338382140466,35.93272035105472,0.0,0.0,0.0,36.873553162484995,0.0,0.0,0.0,35.518570781603096,0.0,0.0,0.0,35.01232704859048,0.0,17.909815204240942,0.0,17.31021697128723,36.42382372507048,0.0,0.0,0.0,36.735848939594845,0.0,0.0,0.0,35.5913595805273,0.0,0.0,0.0,0.0,0.0,0.0,0.0,0.0,0.0,17.521340860615275,0.0,0.0,0.0,33.65874495300339,34.3731409370997,34.09167595374971,0.0,0.0,0.0,35.577552130269716,36.137648225558934,0.0,0.0,0.0,0.0,18.01327149053246,17.144556876759935,-11.015717447872014,17.75518926587732,0.0,0.0,0.0,0.0,0.0,0.0,0.0,0.0,0.0,0.0,0.0,0.0,0.0,0.0,0.0,0.0,0.0,0.0,0.0,0.0,0.0,0.0,2018-05-01 11:48:00
-1148.8897761084152,-826.8203136464034,-1004.8174241614192,0.0,0.0,0.0,0.0,0.0,0.0,35.18799076934499,0.0,0.0,17.458867429257346,0.0,13.669827011389948,-4.4334255674241865,-4.373367791380698,35.15494115385752,17.62113679431722,34.8702960349974,0.0,0.0,0.0,17.8504415047756,35.45541536501656,0.0,0.0,0.0,0.0,0.0,34.39201747325326,0.0,0.0,0.0,33.596739565741466,17.10609275828037,0.0,33.55272704753947,17.251577118012126,35.237737490845966,0.0,0.0,0.0,33.059868467809444,35.48106400039493,0.0,0.0,0.0,34.370449985660045,0.0,0.0,0.0,0.0,0.0,0.0,0.0,33.91655573508668,0.0,0.0,0.0,0.0,16.80813469285619,35.848368423760185,31.153642581698904,-3.0466587176857574,-2.9378544199246908,0.0,0.0,35.14136073371992,0.0,0.0,0.0,17.19673049735673,22.227411786216145,12.60149902000259,0.0,0.0,0.0,0.0,0.0,0.0,33.978440033496845,17.638950158034,17.5302971153849,16.87615998792759,17.304444446000595,0.0,0.0,34.51601771607637,0.0,0.0,0.0,16.89563243915911,30.532401100395898,31.238364069743263,30.888936314756073,16.762140327425072,69.24347437346776,70.84497311271716,70.05563735057092,27.58376151955101,58.5592311125897,32.598110723589855,0.0,0.0,32.86755167333192,16.78450369125508,0.0,0.0,0.0,0.0,0.0,33.99055242731594,0.0,0.0,33.63172858739555,0.0,0.0,0.0,0.0,0.0,13.883159154590826,-3.1605228585100105,-3.0915303878149865,0.0,0.0,0.0,0.0,17.52401284419704,0.0,16.68634199370971,17.421018912962797,0.0,0.0,17.580864654753526,0.0,0.0,0.0,0.0,0.0,34.20051753868636,32.04868862819824,-3.030925464482617,-2.971370595470155,0.0,67.38017553191565,0.0,39.492224356897566,31.215193872579178,51.558759332476704,0.0,0.0,65.22789167470255,0.0,-30.36319320015547,0.0,0.0,0.0,0.0,0.0,0.0,0.0,0.0,35.76868380880018,18.31739377371751,36.54597738283627,34.64086988857997,87.1431409228421,71.62790740411705,61.59136935885826,35.82185029860152,35.20202536136469,0.0,36.764139784441895,0.0,0.0,18.10315563286801,0.0,0.0,0.0,0.0,35.729043190034915,0.0,0.0,-5.9650269193445205,29.913633701585155,-5.960264286764713,0.0,0.0,0.0,34.81077099173571,0.0,0.0,18.30034747192396,0.0,0.0,18.52308455332721,35.366423872674304,-5.47486480917443,30.737221920500218,-5.517675115498323,35.92891310136625,0.0,0.0,0.0,36.8703075921983,0.0,0.0,0.0,35.51574235213287,0.0,0.0,0.0,35.008617805396945,0.0,17.908239550163373,0.0,17.30869396326748,36.42031663787616,0.0,0.0,0.0,36.73314003737239,0.0,0.0,0.0,35.58887255204818,0.0,0.0,0.0,0.0,0.0,0.0,0.0,0.0,0.0,17.520116344140984,0.0,0.0,0.0,33.65639159372845,34.37073646489905,34.0891604371995,0.0,0.0,0.0,35.574925908304756,36.134167663422915,0.0,0.0,0.0,0.0,18.011536525448637,17.14290613580239,-11.019233246098153,17.7534807418869,0.0,0.0,0.0,0.0,0.0,0.0,0.0,0.0,0.0,0.0,0.0,0.0,0.0,0.0,0.0,0.0,0.0,0.0,0.0,0.0,0.0,0.0,2018-05-01 11:49:30
-1152.084756872187,-830.0660644457903,-1008.0427660356979,0.0,0.0,0.0,0.0,0.0,0.0,35.18739483725646,0.0,0.0,17.458687385666234,0.0,14.165848924275648,-3.924548589467271,-3.871368305469621,35.15454167950932,17.6209365190057,34.86989964016461,0.0,0.0,0.0,17.850045346315188,35.454120436270756,0.0,0.0,0.0,0.0,0.0,34.390936803301535,0.0,0.0,0.0,33.5955117239175,17.105467647057846,0.0,33.55167235084083,17.25103490795645,35.23590741892096,0.0,0.0,0.0,33.05815109042265,35.47982579670497,0.0,0.0,0.0,34.36902681560789,0.0,0.0,0.0,0.0,0.0,0.0,0.0,33.91468977827803,0.0,0.0,0.0,0.0,16.807417347648883,35.846397916942976,31.545994470912415,-2.6306519364844445,-2.536663684909206,0.0,0.0,35.13978022655645,0.0,0.0,0.0,17.19599648460133,22.226185514135494,12.60117938737445,0.0,0.0,0.0,0.0,0.0,0.0,33.976625789122274,17.63832405205726,17.52967479130855,16.875478765278622,17.30348154508169,0.0,0.0,34.51474470281155,0.0,0.0,0.0,16.89467681355911,30.530640793089486,31.23717425423296,30.887627864891787,16.761192144061535,69.23948178145359,70.84227463240455,70.05266954393642,27.938715998046693,58.93183329084253,32.962537364128586,0.0,0.0,32.866141633498664,16.783519870127222,0.0,0.0,0.0,0.0,0.0,33.98861754882388,0.0,0.0,33.6296484607663,0.0,0.0,0.0,0.0,0.0,14.272703481739315,-2.7508600612050285,-2.6907834835402937,0.0,0.0,0.0,0.0,17.52330835332677,0.0,16.68557349811722,17.419628287889044,0.0,0.0,17.58005488662728,0.0,0.0,0.0,0.0,0.0,34.198491809304215,32.452088592570526,-2.6065746585583485,-2.5553791030657904,0.0,67.37575762079759,0.0,39.48847546511682,31.213218223132607,51.55574341687602,0.0,0.0,65.22388565158622,0.0,-30.36475647271409,0.0,0.0,0.0,0.0,0.0,0.0,0.0,0.0,35.765631919028074,18.31583031937695,36.542857424444925,34.638646225175044,87.1350931619676,71.62291532645821,61.5875409628549,35.81954967940189,35.199763911062874,0.0,36.761427526994915,0.0,0.0,18.10178049846791,0.0,0.0,0.0,0.0,35.72577867148549,0.0,0.0,-5.417441570986692,30.46084976600388,-5.41336663324174,0.0,0.0,0.0,34.807527394660355,0.0,0.0,18.299037220114847,0.0,0.0,18.521757643253768,35.363890895135455,-4.942026859234989,31.268888526083106,-4.980922807213167,35.92553400524938,0.0,0.0,0.0,36.867416878726154,0.0,0.0,0.0,35.513225216065955,0.0,0.0,0.0,35.00532569265209,0.0,17.906836171038087,0.0,17.30733747411146,36.41720994241937,0.0,0.0,0.0,36.730734905758425,0.0,0.0,0.0,35.58666447405741,0.0,0.0,0.0,0.0,0.0,0.0,0.0,0.0,0.0,17.519029172250328,0.0,0.0,0.0,33.65430219259377,34.36860168372796,34.086927006317154,0.0,0.0,0.0,35.572594186269924,36.13108446347732,0.0,0.0,0.0,0.0,18.009999634529642,17.141443853495776,-11.022347648726296,17.751967273433042,0.0,0.0,0.0,0.0,0.0,0.0,0.0,0.0,0.0,0.0,0.0,0.0,0.0,0.0,0.0,0.0,0.0,0.0,0.0,0.0,0.0,0.0,2018-05-01 11:51:00
-1154.9000615846626,-832.9250843129602,-1010.8843471708328,0.0,0.0,0.0,0.0,0.0,0.0,35.18686945106658,0.0,0.0,17.45852868677363,0.0,14.605033012933198,-3.473962371495829,-3.4268751580892314,35.15418915644449,17.620759782583747,34.86954983466843,0.0,0.0,0.0,17.84969622370577,35.45297901013583,0.0,0.0,0.0,0.0,0.0,34.389983407680006,0.0,0.0,0.0,33.59442943210252,17.104916637356112,0.0,33.55074186949522,17.250556555895933,35.234298489759226,0.0,0.0,0.0,33.05664123796289,35.47873981610857,0.0,0.0,0.0,34.36777903479165,0.0,0.0,0.0,0.0,0.0,0.0,0.0,33.91305089362232,0.0,0.0,0.0,0.0,16.806788681063498,35.84466689334178,31.884877909332506,-2.2712826061591183,-2.190103222679707,0.0,0.0,35.13839611340701,0.0,0.0,0.0,17.195353210915023,22.225108160692212,12.60089925785651,0.0,0.0,0.0,0.0,0.0,0.0,33.97503211197163,17.637775410506215,17.529129463741448,16.87488159399758,17.30263675890975,0.0,0.0,34.51363038460821,0.0,0.0,0.0,16.893838803056106,30.529098009743144,31.23613369097076,30.88648241909193,16.760360659823835,69.23598255944725,70.83991465397239,70.0500714613372,28.240738014207324,59.248886990948655,33.272646964075136,0.0,0.0,32.86490766318587,16.78265801631488,0.0,0.0,0.0,0.0,0.0,33.98690950162503,0.0,0.0,33.627811066033615,0.0,0.0,0.0,0.0,0.0,14.61188198207251,-2.3941115091851244,-2.341805169274595,0.0,0.0,0.0,0.0,17.522686201979237,0.0,16.684893458175367,17.41839678113287,0.0,0.0,17.579338324714104,0.0,0.0,0.0,0.0,0.0,34.19669801116872,32.799183773708236,-2.2413498246639874,-2.1973438188748617,0.0,67.37184847707432,0.0,39.485164638789875,31.211468484605128,51.55307483065846,0.0,0.0,65.22034160511811,0.0,-30.366141745207234,0.0,0.0,0.0,0.0,0.0,0.0,0.0,0.0,35.762927511399624,18.314444876830848,36.540092698262875,34.63667001496835,87.12795940066282,71.61846644822869,61.58413583277478,35.81750507713318,35.19775411888377,0.0,36.75901290886199,0.0,0.0,18.100555940535735,0.0,0.0,0.0,0.0,35.7228815187299,0.0,0.0,-4.9194224584948625,30.958623758361632,-4.9159219178204845,0.0,0.0,0.0,34.804647657191204,0.0,0.0,18.297870103138955,0.0,0.0,18.520575681009813,35.361634625689234,-4.460469432473718,31.749459930226188,-4.495775800499029,35.92253392842279,0.0,0.0,0.0,36.86484155161769,0.0,0.0,0.0,35.51098449400718,0.0,0.0,0.0,35.00240284123656,0.0,17.90558590489673,0.0,17.306128982095768,36.41445696842514,0.0,0.0,0.0,36.72859881403632,0.0,0.0,0.0,35.58470344429168,0.0,0.0,0.0,0.0,0.0,0.0,0.0,0.0,0.0,17.518063637471442,0.0,0.0,0.0,33.652446561924236,34.366705750278406,34.084943409548494,0.0,0.0,0.0,35.57052329326846,36.12835230873037,0.0,0.0,0.0,0.0,18.008637730028457,17.140148062882442,-11.025107444233782,17.750626124610804,0.0,0.0,0.0,0.0,0.0,0.0,0.0,0.0,0.0,0.0,0.0,0.0,0.0,0.0,0.0,0.0,0.0,0.0,0.0,0.0,0.0,0.0,2018-05-01 11:52:30
-1157.3817358208146,-835.4443788039658,-1013.3887524013468,0.0,0.0,0.0,0.0,0.0,0.0,35.18640609586259,0.0,0.0,17.458388756262806,0.0,14.993868739165151,-3.0750160354834772,-3.0333262570667885,35.15387796275373,17.620603766523562,34.86924103993915,0.0,0.0,0.0,17.84938844547868,35.451972515701094,0.0,0.0,0.0,0.0,0.0,34.38914198566671,0.0,0.0,0.0,33.59347508150543,17.10443076429591,0.0,33.549920670528785,17.250134384922585,35.232883406082365,0.0,0.0,0.0,33.055313294105645,35.47778698314344,0.0,0.0,0.0,34.36668460217915,0.0,0.0,0.0,0.0,0.0,0.0,0.0,33.91161088185732,0.0,0.0,0.0,0.0,16.80623752071241,35.843145645487496,32.17754251263866,-1.960880358003511,-1.8907720420939433,0.0,0.0,35.13718354725,0.0,0.0,0.0,17.19478924432063,22.22416124544582,12.600653643868087,0.0,0.0,0.0,0.0,0.0,0.0,33.97363159951851,17.637294455036287,17.52865141340482,16.874357883054536,17.30189527568154,0.0,0.0,34.51265457452064,0.0,0.0,0.0,16.893103607449678,30.52774526511147,31.23522327441091,30.885479234744647,16.759631189774844,69.23291436777004,70.8378498462734,70.04779605454533,28.49768846448265,59.51863645547377,33.536500263843024,0.0,0.0,32.863827304439525,16.781902667639365,0.0,0.0,0.0,0.0,0.0,33.98540111865783,0.0,0.0,33.62618746519445,0.0,0.0,0.0,0.0,0.0,14.90716885161372,-2.0834855386244695,-2.037949493379392,0.0,0.0,0.0,0.0,17.522136576062813,0.0,16.68429147909316,17.417305777818743,0.0,0.0,17.578704015965272,0.0,0.0,0.0,0.0,0.0,34.19510901134248,33.097767693739186,-1.9270813393057582,-1.889257952584705,0.0,67.3683882285858,0.0,39.48223957189015,31.209918255293907,51.550712689774436,0.0,0.0,65.21720509696567,0.0,-30.367369740911304,0.0,0.0,0.0,0.0,0.0,0.0,0.0,0.0,35.760530133235335,18.313216722563062,36.53764184939481,34.63491314069772,87.12163352069484,71.6145005114615,61.58110618971354,35.815687401475024,35.19596738978871,0.0,36.756862598644375,0.0,0.0,18.099465149604708,0.0,0.0,0.0,0.0,35.72030945914742,0.0,0.0,-4.466617373477292,31.41128155401387,-4.463598428704741,0.0,0.0,0.0,34.80209003912758,0.0,0.0,18.296830161683687,0.0,0.0,18.519522505957163,35.35962421181809,-4.025371114852311,32.18372703470274,-4.057392980315085,35.91986942729425,0.0,0.0,0.0,36.86254655030146,0.0,0.0,0.0,35.50898923654834,0.0,0.0,0.0,34.99980692617648,0.0,17.904471730657644,0.0,17.305052034851606,36.4120165369341,0.0,0.0,0.0,36.72670102756325,0.0,0.0,0.0,35.58296123401983,0.0,0.0,0.0,0.0,0.0,0.0,0.0,0.0,0.0,17.51720584104126,0.0,0.0,0.0,33.65079799014063,34.365021372831684,34.08318110618202,0.0,0.0,0.0,35.56868343255259,36.12593033191874,0.0,0.0,0.0,0.0,18.0074304407371,17.138999381671262,-11.027553915719423,17.749437234659002,0.0,0.0,0.0,0.0,0.0,0.0,0.0,0.0,0.0,0.0,0.0,0.0,0.0,0.0,0.0,0.0,0.0,0.0,0.0,0.0,0.0,0.0,2018-05-01 11:54:00
-1159.5701800260263,-837.6651782765697,-1015.5968484287248,0.0,0.0,0.0,0.0,0.0,0.0,35.18599729314801,0.0,0.0,17.45826533124358,0.0,15.338109785503576,-2.721811761860212,-2.684902667718876,35.15360315461744,17.620465992255646,34.868968350269384,0.0,0.0,0.0,17.849117015064458,35.45108464974272,0.0,0.0,0.0,0.0,0.0,34.388399093048605,0.0,0.0,0.0,33.5926332135368,17.10400215769551,0.0,33.54919563285545,17.249761649603766,35.23163827395086,0.0,0.0,0.0,33.054144836288295,35.47695063450303,0.0,0.0,0.0,34.36572427139471,0.0,0.0,0.0,0.0,0.0,0.0,0.0,33.910345077707554,0.0,0.0,0.0,0.0,16.805754113663927,35.84180818538786,32.43026384243758,-1.6928036490296243,-1.6322624541438235,0.0,0.0,35.13612084845904,0.0,0.0,0.0,17.194294605277726,22.22332860507945,12.600438195128412,0.0,0.0,0.0,0.0,0.0,0.0,33.972400289378285,17.6368726540472,17.528232160233188,16.873898389866877,17.301244161468297,0.0,0.0,34.51179967976925,0.0,0.0,0.0,16.892458309705045,30.52655858606409,31.23442636982853,30.884600236997564,16.75899091747681,69.23022283261062,70.8360424819564,70.0458023263312,28.7162689942206,59.74811159185768,33.76097062467754,0.0,0.0,32.86288099459247,16.781240344420958,0.0,0.0,0.0,0.0,0.0,33.98406851995093,0.0,0.0,33.62475220577277,0.0,0.0,0.0,0.0,0.0,15.164214802542368,-1.8130521706026634,-1.773414002494589,0.0,0.0,0.0,0.0,17.521650841874806,0.0,16.68375840002096,17.416338865292545,0.0,0.0,17.5781423075428,0.0,0.0,0.0,0.0,0.0,34.19370088316459,33.35457043569904,-1.6567118456620176,-1.6242045215853191,0.0,67.36532412277046,0.0,39.47965427047467,31.208544252030087,51.5486209704151,0.0,0.0,65.21442816756252,0.0,-30.368458742880026,0.0,0.0,0.0,0.0,0.0,0.0,0.0,0.0,35.758404094986695,18.312127573161934,36.53546839230401,34.633350712052284,87.1160218664432,71.61096400370515,61.57840969978439,35.81407090073196,35.194378410520486,0.0,36.75494703524129,0.0,0.0,18.098493210014734,0.0,0.0,0.0,0.0,35.71802514143959,0.0,0.0,-4.055030128242611,31.82279799542181,-4.052416562889931,0.0,0.0,0.0,34.79981764523888,0.0,0.0,18.295903233421754,0.0,0.0,18.51858377701233,35.35783227493203,-3.632341094171897,32.576055357393415,-3.661363285785499,35.91750209391927,0.0,0.0,0.0,36.860500745688,0.0,0.0,0.0,35.50721199052824,0.0,0.0,0.0,34.99750052846465,0.0,17.903478535876562,0.0,17.30409202487546,36.40985231762634,0.0,0.0,0.0,36.7250143599579,0.0,0.0,0.0,35.5814128727512,0.0,0.0,0.0,0.0,0.0,0.0,0.0,0.0,0.0,17.51644348843304,0.0,0.0,0.0,33.64933284879158,34.36352440975637,34.08161485049463,0.0,0.0,0.0,35.5670482473689,36.123782477700175,0.0,0.0,0.0,0.0,18.006359794057353,17.137980709741807,-11.02972348524463,17.748382904875008,0.0,0.0,0.0,0.0,0.0,0.0,0.0,0.0,0.0,0.0,0.0,0.0,0.0,0.0,0.0,0.0,0.0,0.0,0.0,0.0,0.0,0.0,2018-05-01 11:55:30
-1161.500832364128,-839.6236413393856,-1017.5444842147762,0.0,0.0,0.0,0.0,0.0,0.0,35.1856364778451,0.0,0.0,17.45815642409021,0.0,15.642856337984256,-2.409120810437238,-2.3764457056393913,35.15336038530351,17.620344280558548,34.86872745243615,0.0,0.0,0.0,17.848877545711346,35.45030110654474,0.0,0.0,0.0,0.0,0.0,34.38774291848457,0.0,0.0,0.0,33.59189026362768,17.103623911645286,0.0,33.54855522901519,17.24943242377579,35.230542189615115,0.0,0.0,0.0,33.05311624800305,35.47621621299678,0.0,0.0,0.0,34.3648812373016,0.0,0.0,0.0,0.0,0.0,0.0,0.0,33.90923191819469,0.0,0.0,0.0,0.0,16.805329946653185,35.84063179069548,32.6484721079588,-1.4613042222101553,-1.4090290602797089,0.0,0.0,35.13518910259122,0.0,0.0,0.0,17.193860582716127,22.22259611054926,12.600249114913634,0.0,0.0,0.0,0.0,0.0,0.0,33.97131723799716,17.636502563069044,17.52786430472454,16.873495048795156,17.30067212738142,0.0,0.0,34.511050367072556,0.0,0.0,0.0,16.891891641422525,30.52551707189498,31.23372849261154,30.883829675859676,16.758428662287407,69.2278605487576,70.83445971010919,70.04405455269963,28.90219087244584,59.94330447329608,33.951916661225894,0.0,0.0,32.86205169320067,16.78065930025864,0.0,0.0,0.0,0.0,0.0,33.98289072375212,0.0,0.0,33.62348291004345,0.0,0.0,0.0,0.0,0.0,15.38794977089082,-1.5776361402752046,-1.543134960424875,0.0,0.0,0.0,0.0,17.52122140423933,0.0,16.68328614776713,17.41548157766949,0.0,0.0,17.577644692679847,0.0,0.0,0.0,0.0,0.0,34.19245253085822,33.57540007917248,-1.4241488456643687,-1.3962119903926098,0.0,67.36260968375484,0.0,39.47736829963459,31.20732594211861,51.54676794061168,0.0,0.0,65.21196857228398,0.0,-30.36942487572036,0.0,0.0,0.0,0.0,0.0,0.0,0.0,0.0,35.7565179202835,18.31116130358532,36.53354014859566,34.63196069894967,87.11104180361082,71.60780940450925,61.57600886726139,35.81263278241995,35.19296477665003,0.0,36.75324000365744,0.0,0.0,18.097626887917432,0.0,0.0,0.0,0.0,35.71599557376935,0.0,0.0,-3.680996658125511,32.19681987570365,-3.6787256915979216,0.0,0.0,0.0,34.79779787376412,0.0,0.0,18.29507675284032,0.0,0.0,18.51774676996914,35.35623452339912,-3.2773853338367234,32.93041793414856,-3.303672438436122,35.91539798376687,0.0,0.0,0.0,36.858676502479476,0.0,0.0,0.0,35.50562840856514,0.0,0.0,0.0,34.995450577572434,0.0,17.902592904259294,0.0,17.303235984141537,36.407932268995694,0.0,0.0,0.0,36.72351476507449,0.0,0.0,0.0,35.58003627573238,0.0,0.0,0.0,0.0,0.0,0.0,0.0,0.0,0.0,17.515765705947885,0.0,0.0,0.0,33.648030240067115,34.362193509367174,34.08022231285103,0.0,0.0,0.0,35.565594425383445,36.12187694707017,0.0,0.0,0.0,0.0,18.005409939057945,17.13707696564534,-11.031648275116133,17.74744752589157,0.0,0.0,0.0,0.0,0.0,0.0,0.0,0.0,0.0,0.0,0.0,0.0,0.0,0.0,0.0,0.0,0.0,0.0,0.0,0.0,0.0,0.0,2018-05-01 11:57:00
-1163.204779737787,-841.3514844902086,-1019.2631045550211,0.0,0.0,0.0,0.0,0.0,0.0,35.18531788567492,0.0,0.0,17.458060288886525,0.0,15.91262842068942,-2.1323086177469643,-2.1033829972043843,35.153145835056485,17.620236716408986,34.86851455613055,0.0,0.0,0.0,17.84866618580117,35.4496093304753,0.0,0.0,0.0,0.0,0.0,34.38716309046792,0.0,0.0,0.0,33.5912343266247,17.103289965067024,0.0,33.54798933677617,17.24914150369021,35.229576857691775,0.0,0.0,0.0,33.05221036048604,35.4755710022451,0.0,0.0,0.0,34.36414083323174,0.0,0.0,0.0,0.0,0.0,0.0,0.0,33.90825254543539,0.0,0.0,0.0,0.0,16.804957591956516,35.839596586798756,32.8368643889379,-1.2614088122127722,-1.2162744488839352,0.0,0.0,35.134371815189496,0.0,0.0,0.0,17.193479576329274,22.221951405781603,12.60008309359045,0.0,0.0,0.0,0.0,0.0,0.0,33.97036413279094,17.63617768652309,17.527541390536264,16.873140824419597,17.300169316369768,0.0,0.0,34.51039327290372,0.0,0.0,0.0,16.891393768494062,30.52460249338461,31.23311703068897,30.883153832787816,16.75793466668562,69.2257861702335,70.83307292672029,70.0425216173718,29.060319794468587,60.10932080193295,34.11433037219483,0.0,0.0,32.861324562803965,16.780149295174112,0.0,0.0,0.0,0.0,0.0,33.98184929134854,0.0,0.0,33.62235990030819,0.0,0.0,0.0,0.0,0.0,15.5826732921076,-1.3727226473477727,-1.342695043817053,0.0,0.0,0.0,0.0,17.52084158146553,0.0,16.682867607537634,17.41472116329001,0.0,0.0,17.577203674478348,0.0,0.0,0.0,0.0,0.0,34.19134536087865,33.76526621577844,-1.2241358380679994,-1.2001280551813398,0.0,67.36020396619028,0.0,39.47534610694275,31.206245222528718,51.5451256556822,0.0,0.0,65.20978911272923,0.0,-30.370282362210357,0.0,0.0,0.0,0.0,0.0,0.0,0.0,0.0,35.754843845038124,18.310303690556914,36.53182873495067,34.63072360952347,87.10662041106265,71.6049945280604,61.57387048785803,35.811352880110434,35.19170666509294,0.0,36.75171825685128,0.0,0.0,18.096854442131924,0.0,0.0,0.0,0.0,35.71419161133739,0.0,0.0,-3.341161609908526,32.53668859940132,-3.339181366479344,0.0,0.0,0.0,34.79600191319382,0.0,0.0,18.29433957493885,0.0,0.0,18.517000199009594,35.35480941171892,-2.956874412334416,33.25042672075115,-2.98067118538796,35.913527093655354,0.0,0.0,0.0,36.857049288317704,0.0,0.0,0.0,35.504216905150926,0.0,0.0,0.0,34.993627842831145,0.0,17.901802925913064,0.0,17.30247240069316,36.4062281284678,0.0,0.0,0.0,36.722180974440924,0.0,0.0,0.0,35.578811917176836,0.0,0.0,0.0,0.0,0.0,0.0,0.0,0.0,0.0,17.515162879826512,0.0,0.0,0.0,33.6468716875935,34.36100979400443,34.07898374302327,0.0,0.0,0.0,35.56430134718492,36.12018569134674,0.0,0.0,0.0,0.0,18.004566894240085,17.136274846614644,-11.033356619068691,17.746617329285534,0.0,0.0,0.0,0.0,0.0,0.0,0.0,0.0,0.0,0.0,0.0,0.0,0.0,0.0,0.0,0.0,0.0,0.0,0.0,0.0,0.0,0.0,2018-05-01 11:58:30
-1160.4620979200633,-839.8642761007792,-1016.9410542120778,0.0,0.0,0.0,0.0,0.0,0.0,35.10294614973562,0.0,0.0,17.423263529372036,0.0,15.894440883951596,-2.1323357385448665,-2.1035527563160947,35.08244059592062,17.579532795370337,34.78954408900837,0.0,0.0,0.0,17.801955050228,35.416224417586605,0.0,0.0,0.0,0.0,0.0,34.279504814809556,0.0,0.0,0.0,33.47465470066376,17.061691485230234,0.0,33.44442850470944,17.212712301819394,35.195270320730266,0.0,0.0,0.0,32.93652066371692,35.421560137790074,0.0,0.0,0.0,34.29101443988835,0.0,0.0,0.0,0.0,0.0,0.0,0.0,33.83098024921265,0.0,0.0,0.0,0.0,16.753357978496336,35.79791522724106,32.74312715973309,-1.2614443496070114,-1.2164805847654363,0.0,0.0,35.08161263778959,0.0,0.0,0.0,17.160549717844166,22.19938220209174,12.586283399532698,0.0,0.0,0.0,0.0,0.0,0.0,33.89482348602046,17.60288471060949,17.488949321275847,16.837291723634934,17.270615498397152,0.0,0.0,34.42553014418653,0.0,0.0,0.0,16.85337010736123,30.478200032896197,31.18349703206359,30.835548172780733,16.713668734460818,69.23226041097975,70.83483468989083,70.04757623858522,29.008359535396014,59.92978676795915,34.116718053271185,0.0,0.0,32.74080406599403,16.745442356544565,0.0,0.0,0.0,0.0,0.0,33.89384097765243,0.0,0.0,33.51675115639919,0.0,0.0,0.0,0.0,0.0,15.544042078130426,-1.3727679360423826,-1.3429498832650748,0.0,0.0,0.0,0.0,17.489827734840723,0.0,16.620550220330397,17.403407049493573,0.0,0.0,17.543171567113497,0.0,0.0,0.0,0.0,0.0,34.117584645024685,33.71327952772754,-1.2242202807357907,-1.200470857939894,0.0,67.311982183705,0.0,39.431378418122506,31.169284403177265,51.45200501573668,0.0,0.0,65.03915851735341,0.0,-31.070002211358876,0.0,0.0,0.0,0.0,0.0,0.0,0.0,0.0,35.6928807613007,18.300968203870337,36.467151617954045,34.52893714858927,86.94716789354825,71.48985570645146,61.395105758932615,35.71486244261569,35.08137118113444,0.0,36.68657278505147,0.0,0.0,18.07118543062293,0.0,0.0,0.0,0.0,35.61087845570934,0.0,0.0,-3.3422183744453458,32.48461733513415,-3.3402163524473134,0.0,0.0,0.0,34.70844181344136,0.0,0.0,18.271995717828194,0.0,0.0,18.5015603252041,35.26782293694742,-2.9578325745143057,33.18662942499579,-2.9815637042808274,35.83028702851583,0.0,0.0,0.0,36.80759402827031,0.0,0.0,0.0,35.43985277312371,0.0,0.0,0.0,34.901932627663456,0.0,17.869804983384288,0.0,17.23997873198182,36.350994443367384,0.0,0.0,0.0,36.668871312680366,0.0,0.0,0.0,35.50456584824041,0.0,0.0,0.0,0.0,0.0,0.0,0.0,0.0,0.0,17.481834041462907,0.0,0.0,0.0,33.51919868724499,34.263667168180376,33.954697656072184,0.0,0.0,0.0,35.48720740644391,36.07163958283035,0.0,0.0,0.0,0.0,17.98498165028508,17.088269682036366,-10.731587209056315,17.713349872951767,0.0,0.0,0.0,0.0,0.0,0.0,0.0,0.0,0.0,0.0,0.0,0.0,0.0,0.0,0.0,0.0,0.0,0.0,0.0,0.0,0.0,0.0,2018-05-01 12:00:00
-1161.9958143011204,-841.4185332976808,-1018.4875423787847,0.0,0.0,0.0,0.0,0.0,0.0,35.10266016457566,0.0,0.0,17.42317722945028,0.0,16.147832405274226,-1.8723566396734914,-1.8470789739355404,35.08224767320141,17.579436103120628,34.78935270230439,0.0,0.0,0.0,17.801765708098976,35.41560346971821,0.0,0.0,0.0,0.0,0.0,34.27898537035889,0.0,0.0,0.0,33.47406741400517,17.061392177823556,0.0,33.4439215230636,17.212451412082217,35.19440755058518,0.0,0.0,0.0,32.93571307049415,35.42098555634716,0.0,0.0,0.0,34.29035556633672,0.0,0.0,0.0,0.0,0.0,0.0,0.0,33.83010725093331,0.0,0.0,0.0,0.0,16.753027147633862,35.79699119923658,32.90724722316487,-1.0873057992704271,-1.0485414294104172,0.0,0.0,35.08088611969636,0.0,0.0,0.0,17.160210807903823,22.19880647335589,12.586135378444641,0.0,0.0,0.0,0.0,0.0,0.0,33.89397349948645,17.602595756946307,17.488662203421868,16.836976470155403,17.27016747841834,0.0,0.0,34.42494675671442,0.0,0.0,0.0,16.852926962985663,30.477385912417628,31.182954243668622,30.83494726972244,16.713229213393753,69.23041089883182,70.83360166754147,70.04621107874647,29.14392386419485,60.07209266148983,34.25595761359911,0.0,0.0,32.74015918569845,16.744988857344858,0.0,0.0,0.0,0.0,0.0,33.892908063863324,0.0,0.0,33.515745360429804,0.0,0.0,0.0,0.0,0.0,15.706577000077324,-1.201712976634793,-1.175604305249531,0.0,0.0,0.0,0.0,17.489487587878426,0.0,16.620174490967155,17.402721550723864,0.0,0.0,17.54277494402048,0.0,0.0,0.0,0.0,0.0,34.116586448512365,33.882181316941725,-1.0463047417983784,-1.026011126221976,0.0,67.30980961332968,0.0,39.4295607329766,31.168307173761704,51.450524233403215,0.0,0.0,65.03719536050491,0.0,-31.07077501232702,0.0,0.0,0.0,0.0,0.0,0.0,0.0,0.0,35.69137215890076,18.300194414565325,36.46560942730561,34.52781920354629,86.94318360993925,71.48729778556952,61.393171849293594,35.713705525924325,35.08023446515009,0.0,36.68519277311995,0.0,0.0,18.070484610773605,0.0,0.0,0.0,0.0,35.609251822403095,0.0,0.0,-3.0264129073624098,32.800427497201866,-3.024665432707817,0.0,0.0,0.0,34.70682099472126,0.0,0.0,18.271326585214936,0.0,0.0,18.500882396978042,35.266530976308324,-2.6627875235201945,33.48117748317784,-2.6842162190438317,35.82859848737752,0.0,0.0,0.0,36.806116982087566,0.0,0.0,0.0,35.43857360491189,0.0,0.0,0.0,34.9002880476088,0.0,17.869088228328962,0.0,17.239287191682003,36.34945840008994,0.0,0.0,0.0,36.66766453083619,0.0,0.0,0.0,35.503459306236564,0.0,0.0,0.0,0.0,0.0,0.0,0.0,0.0,0.0,17.4812891231517,0.0,0.0,0.0,33.51815341246484,34.26259816161969,33.9535794975966,0.0,0.0,0.0,35.48603830668307,36.070114872903204,0.0,0.0,0.0,0.0,17.984221425757895,17.08754760194262,-10.733126700506638,17.712601815944886,0.0,0.0,0.0,0.0,0.0,0.0,0.0,0.0,0.0,0.0,0.0,0.0,0.0,0.0,0.0,0.0,0.0,0.0,0.0,0.0,0.0,0.0,2018-05-01 12:00:09
-1163.3474620072427,-842.7877761063133,-1019.8501974106763,0.0,0.0,0.0,0.0,0.0,0.0,35.1024080057269,0.0,0.0,17.423101160132692,0.0,16.370350219135506,-1.6440477269627254,-1.6218492292038162,35.08207742486859,17.579350775200467,34.7891838094561,0.0,0.0,0.0,17.80159879429391,35.41505590232825,0.0,0.0,0.0,0.0,0.0,34.27852683830459,0.0,0.0,0.0,33.4735495299052,17.061128241048703,0.0,33.44347399236446,17.212221115449363,35.19364837106344,0.0,0.0,0.0,32.935002442935684,35.42048119452926,0.0,0.0,0.0,34.28977737534452,0.0,0.0,0.0,0.0,0.0,0.0,0.0,33.82933984459447,0.0,0.0,0.0,0.0,16.752736965398956,35.79617878293299,33.04872134686313,-0.9371746713587832,-0.9037569150538743,0.0,0.0,35.08024937341206,0.0,0.0,0.0,17.15991353925213,22.198300173824258,12.586005506245716,0.0,0.0,0.0,0.0,0.0,0.0,33.893226122814596,17.60234230314793,17.48841035988997,16.83669981810404,17.269773980569642,0.0,0.0,34.42443554415749,0.0,0.0,0.0,16.852537912150403,30.476671536340746,31.182479000911243,30.83442060289512,16.712843343576836,69.22878798476052,70.83252208507932,70.04501457258475,29.259046375557165,60.192940384639606,34.374209134182564,0.0,0.0,32.73959414803972,16.744591086652697,0.0,0.0,0.0,0.0,0.0,33.89208390206026,0.0,0.0,33.514856252903925,0.0,0.0,0.0,0.0,0.0,15.848884692901192,-1.0519328083763522,-1.0290735034573861,0.0,0.0,0.0,0.0,17.48918695702583,0.0,16.61984184892152,17.40211418093579,0.0,0.0,17.542423804263322,0.0,0.0,0.0,0.0,0.0,34.11570232845922,34.026542084083424,-0.8941891380893631,-0.8768491461172274,0.0,67.30788712655875,0.0,39.42795475170877,31.167441724430052,51.449213744754395,0.0,0.0,65.03545827691224,0.0,-31.071460143622353,0.0,0.0,0.0,0.0,0.0,0.0,0.0,0.0,35.690034690733775,18.299508403079553,36.464242181083385,34.52682552082313,86.93965019810281,71.48501890126302,61.39145160037977,35.71267720333655,35.07922409790602,0.0,36.68396433035842,0.0,0.0,18.06986065336657,0.0,0.0,0.0,0.0,35.60780767428123,0.0,0.0,-2.74024680409654,33.086629423267034,-2.738716588681514,0.0,0.0,0.0,34.70538145705312,0.0,0.0,18.27073055752288,0.0,0.0,18.500278531563378,35.26538016657908,-2.3970148901561257,33.7465258430474,-2.4163561884492206,35.8270988820824,0.0,0.0,0.0,36.8048014339313,0.0,0.0,0.0,35.43743497949541,0.0,0.0,0.0,34.898827483786654,0.0,17.86844984207655,0.0,17.238671263245113,36.34809660353739,0.0,0.0,0.0,36.66659265988349,0.0,0.0,0.0,35.50247637198081,0.0,0.0,0.0,0.0,0.0,0.0,0.0,0.0,0.0,17.480805075744804,0.0,0.0,0.0,33.51722490163799,34.26164856999575,33.95258634273091,0.0,0.0,0.0,35.48499990546144,36.06876312355566,0.0,0.0,0.0,0.0,17.983547439840375,17.08690743342078,-10.734491550592487,17.71193861728804,0.0,0.0,0.0,0.0,0.0,0.0,0.0,0.0,0.0,0.0,0.0,0.0,0.0,0.0,0.0,0.0,0.0,0.0,0.0,0.0,0.0,0.0,2018-05-01 12:01:30
-1164.5391829322216,-843.9945608966881,-1021.0514040195276,0.0,0.0,0.0,0.0,0.0,0.0,35.10218557432131,0.0,0.0,17.42303407950455,0.0,16.56575054451283,-1.4435570810383793,-1.4240632449870587,35.08192712053992,17.579275443151108,34.789034701820434,0.0,0.0,0.0,17.80145158542099,35.4145728222918,0.0,0.0,0.0,0.0,0.0,34.27812188563006,0.0,0.0,0.0,33.473092637332265,17.06089538826969,0.0,33.44307875553465,17.21201772893115,35.1929800109216,0.0,0.0,0.0,32.934376826561845,35.420038249745815,0.0,0.0,0.0,34.289269729504774,0.0,0.0,0.0,0.0,0.0,0.0,0.0,33.82866492660469,0.0,0.0,0.0,0.0,16.752482309899115,35.79546414446596,33.17066696780963,-0.807748863838961,-0.7789417692082361,0.0,0.0,35.07969103354416,0.0,0.0,0.0,17.15965266491748,22.19785470296932,12.585891494852214,0.0,0.0,0.0,0.0,0.0,0.0,33.89256863167342,17.602119871395246,17.488189341310374,16.836456910773755,17.26942818564177,0.0,0.0,34.42398733678146,0.0,0.0,0.0,16.85219616754511,30.476044341201423,31.182062670899974,30.833958745764527,16.712504393195747,69.227363127295,70.83157633159361,70.04396530438123,29.35680330990288,60.29555848290694,34.47462971071038,0.0,0.0,32.73909879201131,16.744242003275417,0.0,0.0,0.0,0.0,0.0,33.89135547641859,0.0,0.0,33.514069934692785,0.0,0.0,0.0,0.0,0.0,15.973474473751807,-0.9207902848804372,-0.9007770604900973,0.0,0.0,0.0,0.0,17.488921133154165,0.0,16.619547219514637,17.401575790528224,0.0,0.0,17.542112790968357,0.0,0.0,0.0,0.0,0.0,34.11491887744682,34.14991328407938,-0.7641457770142625,-0.7493300398481734,0.0,67.30618509005123,0.0,39.4265351199832,31.166674890749203,51.44805339534242,0.0,0.0,65.03392047766212,0.0,-31.072067823225378,0.0,0.0,0.0,0.0,0.0,0.0,0.0,0.0,35.688848411929975,18.298899939332923,36.46302949036273,34.525941925541304,86.93651525072075,71.48298785376575,61.389920796097186,35.711762805839896,35.07832566652455,0.0,36.682870380481326,0.0,0.0,18.069304919913165,0.0,0.0,0.0,0.0,35.6065249850661,0.0,0.0,-2.4809771977059762,33.3459580018303,-2.479633179405193,0.0,0.0,0.0,34.704102376757945,0.0,0.0,18.270199445387963,0.0,0.0,18.499740432667206,35.26435469574504,-2.1576419524743526,33.98553601203974,-2.175092586586012,35.82576651630425,0.0,0.0,0.0,36.80362930038468,0.0,0.0,0.0,35.4364210776925,0.0,0.0,0.0,34.89752980489212,0.0,17.867881049453405,0.0,17.238122480199934,36.34688874613835,0.0,0.0,0.0,36.665640208869796,0.0,0.0,0.0,35.50160286993472,0.0,0.0,0.0,0.0,0.0,0.0,0.0,0.0,0.0,17.48037491845872,0.0,0.0,0.0,33.51639976406868,34.26080469859546,33.95170383808203,0.0,0.0,0.0,35.484077195474484,36.06756417717257,0.0,0.0,0.0,0.0,17.982949641892574,17.08633963012264,-10.735702113324905,17.71135038720133,0.0,0.0,0.0,0.0,0.0,0.0,0.0,0.0,0.0,0.0,0.0,0.0,0.0,0.0,0.0,0.0,0.0,0.0,0.0,0.0,0.0,0.0,2018-05-01 12:03:00
-1165.59037548927,-845.0586441260077,-1022.1107664495229,0.0,0.0,0.0,0.0,0.0,0.0,35.10198927723919,0.0,0.0,17.422974899469125,0.0,16.737333851770526,-1.2674998796165364,-1.2503816204481717,35.0817943663364,17.57920890716812,34.78890300457826,0.0,0.0,0.0,17.80132169588691,35.41414643501369,0.0,0.0,0.0,0.0,0.0,34.277764084967075,0.0,0.0,0.0,33.47268936423334,17.060689862360174,0.0,33.4427295394161,17.211838024397537,35.19239130470725,0.0,0.0,0.0,32.93382576998813,35.41964904584314,0.0,0.0,0.0,34.28882379547761,0.0,0.0,0.0,0.0,0.0,0.0,0.0,33.828071050398336,0.0,0.0,0.0,0.0,16.7522587195461,35.794835197506636,33.275774107549346,-0.6961785615091858,-0.6713471199785698,0.0,0.0,35.079201205162256,0.0,0.0,0.0,17.15942361435745,22.197462547114817,12.58579135345604,0.0,0.0,0.0,0.0,0.0,0.0,33.891989911624876,17.601924560890396,17.48799527166845,16.83624351804005,17.2691241449904,0.0,0.0,34.42359415511797,0.0,0.0,0.0,16.85189581123998,30.47549337917051,31.18169774800776,30.833553499100592,16.712206492708273,69.22611145533408,70.83074735692388,70.04304464667814,29.43980942624164,60.38269140475759,34.5599031073045,0.0,0.0,32.73866428243745,16.743935474389467,0.0,0.0,0.0,0.0,0.0,33.89071136180348,0.0,0.0,33.513374197773516,0.0,0.0,0.0,0.0,0.0,16.082546149933467,-0.8059731125176891,-0.7884524883514454,0.0,0.0,0.0,0.0,17.48868598119745,0.0,16.619286140433818,17.401098326708034,0.0,0.0,17.54183719368081,0.0,0.0,0.0,0.0,0.0,34.11422430763331,34.25533566531552,-0.6529822023347371,-0.64032364762815,0.0,67.30467747465725,0.0,39.42527959169135,31.165995102373223,51.44702548119224,0.0,0.0,65.03255843658403,0.0,-31.072607049838897,0.0,0.0,0.0,0.0,0.0,0.0,0.0,0.0,35.68779575743247,18.298360013893536,36.46195339901522,34.52515590367021,86.93373259710577,71.48117702389075,61.3885580356293,35.71094938316624,35.07752644686117,0.0,36.68189581960293,0.0,0.0,18.06880976639666,0.0,0.0,0.0,0.0,35.6053852096498,0.0,0.0,-2.2461074512233745,33.580903490690126,-2.2449236518349553,0.0,0.0,0.0,34.70296538024464,0.0,0.0,18.26972600143705,0.0,0.0,18.499260758251,35.263440570586326,-1.9420715957769865,34.20079570948119,-1.9578111584498066,35.824582244167466,0.0,0.0,0.0,36.80258457110837,0.0,0.0,0.0,35.435517906965536,0.0,0.0,0.0,34.89637636364023,0.0,17.867374081267176,0.0,17.23763334666704,36.345816943408735,0.0,0.0,0.0,36.66479351139161,0.0,0.0,0.0,35.500826294572015,0.0,0.0,0.0,0.0,0.0,0.0,0.0,0.0,0.0,17.479992492914068,0.0,0.0,0.0,33.51566618661477,34.26005446607506,33.950919320826515,0.0,0.0,0.0,35.48325693700571,36.066500281326874,0.0,0.0,0.0,0.0,17.982419180507456,17.08583578476149,-10.736776314018236,17.710828415944565,0.0,0.0,0.0,0.0,0.0,0.0,0.0,0.0,0.0,0.0,0.0,0.0,0.0,0.0,0.0,0.0,0.0,0.0,0.0,0.0,0.0,0.0,2018-05-01 12:04:30
-1166.5180340193726,-845.9973303693697,-1023.0454627777497,0.0,0.0,0.0,0.0,0.0,0.0,35.101815965521276,0.0,0.0,17.422922665811956,0.0,16.887999877886998,-1.1129020735897817,-1.0978702479417353,35.08167706089116,17.5791501140532,34.788786633093615,0.0,0.0,0.0,17.80120703393029,35.4137699105074,0.0,0.0,0.0,0.0,0.0,34.277447795385555,0.0,0.0,0.0,33.47233325087282,17.06050837115145,0.0,33.44242083841994,17.211679168705125,35.19187249287853,0.0,0.0,0.0,32.93334013782779,35.419306883515986,0.0,0.0,0.0,34.28843186589149,0.0,0.0,0.0,0.0,0.0,0.0,0.0,33.82754821870048,0.0,0.0,0.0,0.0,16.752062302861752,35.79428138446481,33.36636355428638,-0.6000047595064932,-0.5786011496878978,0.0,0.0,35.078771262894854,0.0,0.0,0.0,17.15922240106202,22.19711714356167,12.585703344957825,0.0,0.0,0.0,0.0,0.0,0.0,33.891480256127615,17.601752970707246,17.487824771645414,16.83605595034023,17.26885667007442,0.0,0.0,34.423249049819994,0.0,0.0,0.0,16.851631683922335,30.475009111214437,31.18137770143173,30.83319772141541,16.711944524986425,69.22501129824934,70.83002032537492,70.04223637505594,29.510286866882765,60.456671664563935,34.63231031418068,0.0,0.0,32.73828292651099,16.74366615879656,0.0,0.0,0.0,0.0,0.0,33.89014153061404,0.0,0.0,33.51275832023335,0.0,0.0,0.0,0.0,0.0,16.178027788787894,-0.7054543029538447,-0.6901165092758224,0.0,0.0,0.0,0.0,17.488477866722686,0.0,16.61905468419574,17.400674701140602,0.0,0.0,17.541592866516243,0.0,0.0,0.0,0.0,0.0,34.11360824362515,34.345411935398104,-0.5579651763612943,-0.5471500193790513,0.0,67.30334139792933,0.0,39.424168641406524,31.165392178212073,51.44611443854523,0.0,0.0,65.03135147053526,0.0,-31.073085749543168,0.0,0.0,0.0,0.0,0.0,0.0,0.0,0.0,35.68686125579793,18.297880691181103,36.460998091137824,34.52445639509405,86.93126155049568,71.47956193240327,61.387344393908364,35.710225489645154,35.07681519309721,0.0,36.68102727716741,0.0,0.0,18.06836842324026,0.0,0.0,0.0,0.0,35.60437198825445,0.0,0.0,-2.0333665634823284,33.79373180617478,-2.0323211666516356,0.0,0.0,0.0,34.70195425254539,0.0,0.0,18.269303804977827,0.0,0.0,18.498833003708466,35.26262539403706,-1.7479571542775456,34.39464370952964,-1.7621492822702387,35.82352916707683,0.0,0.0,0.0,36.80165305969918,0.0,0.0,0.0,35.43471307716431,0.0,0.0,0.0,34.89535070149974,0.0,17.866922053408818,0.0,17.237197220713867,36.3448654425455,0.0,0.0,0.0,36.664040500252185,0.0,0.0,0.0,35.50013560124979,0.0,0.0,0.0,0.0,0.0,0.0,0.0,0.0,0.0,17.47965236014667,0.0,0.0,0.0,33.51501373613222,34.25938720241956,33.95022160991537,0.0,0.0,0.0,35.482527439619474,36.06555579952558,0.0,0.0,0.0,0.0,17.981948259288128,17.085388492125706,-10.737729941395756,17.710365031902594,0.0,0.0,0.0,0.0,0.0,0.0,0.0,0.0,0.0,0.0,0.0,0.0,0.0,0.0,0.0,0.0,0.0,0.0,0.0,0.0,0.0,0.0,2018-05-01 12:06:00
-1167.337055948502,-846.8257741833803,-1023.8705432551401,0.0,0.0,0.0,0.0,0.0,0.0,35.101662877572686,0.0,0.0,17.422876543068547,0.0,17.02029606305906,-0.9771507826135906,-0.9639513628814775,35.081573358829104,17.579098138910314,34.78868375668415,0.0,0.0,0.0,17.80110576848037,35.413437259747695,0.0,0.0,0.0,0.0,0.0,34.27716806366547,0.0,0.0,0.0,33.472018632887945,17.060348027832184,0.0,33.44214781816727,17.21153867411112,35.19141504036735,0.0,0.0,0.0,32.932911940858524,35.41900592435412,0.0,0.0,0.0,34.28808721383298,0.0,0.0,0.0,0.0,0.0,0.0,0.0,33.827087695796195,0.0,0.0,0.0,0.0,16.75188966466958,35.79379347860289,33.44443722484032,-0.5171060245537028,-0.4986577081656892,0.0,0.0,35.078393686060735,0.0,0.0,0.0,17.15904554694275,22.19681275660029,12.585625954330688,0.0,0.0,0.0,0.0,0.0,0.0,33.891031183767886,17.60160213980329,17.487674899011328,16.835890988547774,17.268621232952327,0.0,0.0,34.42294597651477,0.0,0.0,0.0,16.851399285282188,30.474583221432514,31.181096855588493,30.832885190460946,16.71171402651665,69.22404376409774,70.82938234401314,70.04152635348171,29.570123838084253,60.51948138151611,34.69378970115536,0.0,0.0,32.737948023875084,16.74342940229686,0.0,0.0,0.0,0.0,0.0,33.889637175890044,0.0,0.0,33.51221287924356,0.0,0.0,0.0,0.0,0.0,16.261608970279006,-0.6174573314184705,-0.604030946783193,0.0,0.0,0.0,0.0,17.488293599146694,0.0,16.618849397521405,17.40029867068023,0.0,0.0,17.54137616416427,0.0,0.0,0.0,0.0,0.0,34.113061549539204,34.422369274862255,-0.47675524975609085,-0.46751527971104784,0.0,67.30215675554686,0.0,39.42318513318338,31.164857163338468,51.44530657422982,0.0,0.0,65.03028138842048,0.0,-31.073510907827824,0.0,0.0,0.0,0.0,0.0,0.0,0.0,0.0,35.68603127150516,18.297454977292436,36.460149627624304,34.52383362107506,86.92906624960746,71.4781208908695,61.38626312053309,35.70958100565268,35.076181962306286,0.0,36.680252924192914,0.0,0.0,18.067974898840074,0.0,0.0,0.0,0.0,35.60347088046664,0.0,0.0,-1.840689987083589,33.98650347155732,-1.8397645948782895,0.0,0.0,0.0,34.701054675325324,0.0,0.0,18.26892716572094,0.0,0.0,18.498451404334194,35.2618981792925,-1.5731792816008603,34.56919272705953,-1.5859728323502738,35.82259236146682,0.0,0.0,0.0,36.800822203230695,0.0,0.0,0.0,35.433995613376695,0.0,0.0,0.0,34.89443828351835,0.0,17.866518869578123,0.0,17.236808220502304,36.34402036004598,0.0,0.0,0.0,36.66337052745776,0.0,0.0,0.0,35.499521031871176,0.0,0.0,0.0,0.0,0.0,0.0,0.0,0.0,0.0,17.479349714757216,0.0,0.0,0.0,33.51443319479526,34.258793480524275,33.94960083927906,0.0,0.0,0.0,35.48187838776714,36.06471695076327,0.0,0.0,0.0,0.0,17.981530006988606,17.084991225735134,-10.738576910587767,17.709953473804433,0.0,0.0,0.0,0.0,0.0,0.0,0.0,0.0,0.0,0.0,0.0,0.0,0.0,0.0,0.0,0.0,0.0,0.0,0.0,0.0,0.0,0.0,2018-05-01 12:07:30
-1168.0604957560759,-847.5572669871253,-1024.5991987029204,0.0,0.0,0.0,0.0,0.0,0.0,35.101527590695724,0.0,0.0,17.42283579694006,0.0,17.136460181863907,-0.8579506250573169,-0.8463604527041906,35.081481642685794,17.579052171071503,34.788592770763515,0.0,0.0,0.0,17.801016290250352,35.41314322907913,0.0,0.0,0.0,0.0,0.0,34.276920549561204,0.0,0.0,0.0,33.47174054142157,17.060206300051703,0.0,33.441906242546544,17.211414360737685,35.19101147717059,0.0,0.0,0.0,32.93253418680843,35.418741061013655,0.0,0.0,0.0,34.28778397906203,0.0,0.0,0.0,0.0,0.0,0.0,0.0,33.826681842751434,0.0,0.0,0.0,0.0,16.751737848137218,35.79336341031054,33.51172172999654,-0.4456524238843887,-0.4297518511584207,0.0,0.0,35.078061928364704,0.0,0.0,0.0,17.15889002295991,22.196544370493225,12.585557863705578,0.0,0.0,0.0,0.0,0.0,0.0,33.8906352779693,17.601469480512666,17.487543082540693,16.835745829270788,17.268413879209792,0.0,0.0,34.42267965904034,0.0,0.0,0.0,16.851194686913875,30.474208454877505,31.180850260922593,30.832610494371764,16.71151110101349,69.22319237120048,70.82882216918343,70.04090228698847,29.62092458329775,60.572804652441434,34.74598827039466,0.0,0.0,32.73765374860076,16.74322114635202,0.0,0.0,0.0,0.0,0.0,33.88919055962227,0.0,0.0,33.511729590429795,0.0,0.0,0.0,0.0,0.0,16.3347700404465,-0.540425468910986,-0.5286727069443014,0.0,0.0,0.0,0.0,17.488130368777252,0.0,16.61866723550064,17.399964734532503,0.0,0.0,17.541183872392057,0.0,0.0,0.0,0.0,0.0,34.11257618869811,34.48811307056997,-0.40735050252717714,-0.3994564807982022,0.0,67.30110584626111,0.0,39.42231400286572,31.1643821733499,51.44458985560028,0.0,0.0,65.02933220542582,0.0,-31.07388868346594,0.0,0.0,0.0,0.0,0.0,0.0,0.0,0.0,35.68529378265187,18.29707670597827,36.45939571891297,34.52327894415017,86.92711504949119,71.47683467357811,61.385299408002886,35.709006992624026,35.07561797199877,0.0,36.67956227431833,0.0,0.0,18.067623879762614,0.0,0.0,0.0,0.0,35.602669135457944,0.0,0.0,-1.6662018291516916,34.16109120132333,-1.6653808622137964,0.0,0.0,0.0,34.70025400051477,0.0,0.0,18.268591045153077,0.0,0.0,18.498110855720103,35.26124919799622,-1.4158247432600735,34.72635039939614,-1.4273549421459992,35.82175864339852,0.0,0.0,0.0,36.800080855241916,0.0,0.0,0.0,35.43335580288291,0.0,0.0,0.0,34.89362626907884,0.0,17.86615912082889,0.0,17.23646112736774,36.34326945537995,0.0,0.0,0.0,36.662774176538086,0.0,0.0,0.0,35.49897397358042,0.0,0.0,0.0,0.0,0.0,0.0,0.0,0.0,0.0,17.479080315323372,0.0,0.0,0.0,33.513916426611246,34.25826497967887,33.949048283951505,0.0,0.0,0.0,35.48130065898988,36.06397158488154,0.0,0.0,0.0,0.0,17.981158365507483,17.08463823145461,-10.73932948994576,17.709587780509278,0.0,0.0,0.0,0.0,0.0,0.0,0.0,0.0,0.0,0.0,0.0,0.0,0.0,0.0,0.0,0.0,0.0,0.0,0.0,0.0,0.0,0.0,2018-05-01 12:09:00
-1168.699806392315,-848.2034540250975,-1025.2429992454588,0.0,0.0,0.0,0.0,0.0,0.0,35.10140797986935,0.0,0.0,17.422799784267042,0.0,17.23845785703523,-0.753285284137044,-0.7431083315335325,35.081400489365144,17.57901149728559,34.7885122635662,0.0,0.0,0.0,17.800937189918745,35.41288321090444,0.0,0.0,0.0,0.0,0.0,34.276701434088764,0.0,0.0,0.0,33.47149461865211,17.060080966870196,0.0,33.441692384201424,17.211304310509327,35.190655269473865,0.0,0.0,0.0,32.93220075972201,35.41850783937035,0.0,0.0,0.0,34.287517036580276,0.0,0.0,0.0,0.0,0.0,0.0,0.0,33.82632398356173,0.0,0.0,0.0,0.0,16.75160426852905,35.7929841261091,33.56970606146248,-0.38406567064407676,-0.3703613797535773,0.0,0.0,35.07777027145817,0.0,0.0,0.0,17.158753181257268,22.19630760078589,12.58549791947434,0.0,0.0,0.0,0.0,0.0,0.0,33.89028605697789,17.601352738205435,17.487427081928022,16.83561802142229,17.268231157052462,0.0,0.0,34.4224455049153,0.0,0.0,0.0,16.851014461284475,30.473878485063807,31.180633612832665,30.832368908224968,16.71133234896893,69.22244274713276,70.8283300223473,70.04035344124831,29.66405194530011,60.618072218047836,34.79030527679549,0.0,0.0,32.73739501603162,16.743037853387232,0.0,0.0,0.0,0.0,0.0,33.88879488389806,0.0,0.0,33.51130117098345,0.0,0.0,0.0,0.0,0.0,16.398807838555467,-0.47299480177750935,-0.46270736842200916,0.0,0.0,0.0,0.0,17.487985707882668,0.0,16.618505519437146,17.399668045823315,0.0,0.0,17.541013163545216,0.0,0.0,0.0,0.0,0.0,34.11214507387909,34.54427307908019,-0.34803819912625333,-0.3412942086959964,0.0,67.30017310796507,0.0,39.421542025245145,31.16396026508867,51.443953682666006,0.0,0.0,65.02848984174702,0.0,-31.07422450661505,0.0,0.0,0.0,0.0,0.0,0.0,0.0,0.0,35.68463818954978,18.29674044046827,36.458725529320375,34.52278471667732,86.92538004931782,71.4756862263089,61.384440137111675,35.70849553632041,35.07511544612527,0.0,36.6789460451989,0.0,0.0,18.06731066078891,0.0,0.0,0.0,0.0,35.60195549364652,0.0,0.0,-1.508198389665807,34.31919621841049,-1.5074685987961831,0.0,0.0,0.0,34.69954105478635,0.0,0.0,18.268290971974817,0.0,0.0,18.49780682803664,35.260669816967614,-1.27416702233994,34.86783852598337,-1.2845565622206037,35.821016365082066,0.0,0.0,0.0,36.7994191399713,0.0,0.0,0.0,35.432785031144505,0.0,0.0,0.0,34.89290331369496,0.0,17.865838014835415,0.0,17.236151317573924,36.34260193608252,0.0,0.0,0.0,36.66224313373269,0.0,0.0,0.0,35.49848680571825,0.0,0.0,0.0,0.0,0.0,0.0,0.0,0.0,0.0,17.47884040903265,0.0,0.0,0.0,33.51345623284997,34.25779433771482,33.948556240690365,0.0,0.0,0.0,35.48078619910011,36.0633089890843,0.0,0.0,0.0,0.0,17.980827993415932,17.084324435862502,-10.739998496455804,17.70926269607875,0.0,0.0,0.0,0.0,0.0,0.0,0.0,0.0,0.0,0.0,0.0,0.0,0.0,0.0,0.0,0.0,0.0,0.0,0.0,0.0,0.0,0.0,2018-05-01 12:10:30
-1169.2650360884543,-848.7745492343266,-1025.8120913944178,0.0,0.0,0.0,0.0,0.0,0.0,35.101302179170624,0.0,0.0,17.422767940729532,0.0,17.32801555389296,-0.661383694878097,-0.6524477773528955,35.08132864939459,17.578975491320943,34.78844099556773,0.0,0.0,0.0,17.800867231036804,35.41265315960067,0.0,0.0,0.0,0.0,0.0,34.27650736448939,0.0,0.0,0.0,33.471277038267836,17.059970078228975,0.0,33.44150297081469,17.211206839511053,35.190340693709736,0.0,0.0,0.0,32.93190630207261,35.41830237112776,0.0,0.0,0.0,34.2872819132504,0.0,0.0,0.0,0.0,0.0,0.0,0.0,33.826008275463366,0.0,0.0,0.0,0.0,16.751486670708445,35.792649451827614,33.619674149859804,-0.33098467032267787,-0.3191735968536213,0.0,0.0,35.07751372927099,0.0,0.0,0.0,17.15863271162657,22.19609860919137,12.585445116429215,0.0,0.0,0.0,0.0,0.0,0.0,33.88997784764611,17.601249946455564,17.48732494324065,16.835505426240275,17.26807004907569,0.0,0.0,34.4222395127894,0.0,0.0,0.0,16.85085561360478,30.473587787378452,31.180443163969287,30.83215631456195,16.711174800080315,69.221782341151,70.82789739084515,70.03987046200638,29.700663574739796,60.65649944707411,34.82792938474862,0.0,0.0,32.737167396631264,16.742876435621376,0.0,0.0,0.0,0.0,0.0,33.88844417032335,0.0,0.0,33.51092121209925,0.0,0.0,0.0,0.0,0.0,16.45485829756091,-0.41397051578872346,-0.40496597154027975,0.0,0.0,0.0,0.0,17.487857445860108,0.0,16.618361889546403,17.399404330079676,0.0,0.0,17.540861546615293,0.0,0.0,0.0,0.0,0.0,34.11176196180703,34.592243039315946,-0.2973532820127045,-0.2915918935412444,0.0,67.29934484351665,0.0,39.420857573253954,31.163585324119587,51.44338872487917,0.0,0.0,65.02774190793045,0.0,-31.07452316917259,0.0,0.0,0.0,0.0,0.0,0.0,0.0,0.0,35.68405513832844,18.296441382994328,36.45812949671788,34.5223441746387,86.92383661917629,71.47466042673517,61.383673691336284,35.70803963693033,35.07466750709691,0.0,36.67839601154427,0.0,0.0,18.06703107102949,0.0,0.0,0.0,0.0,35.60132000392898,0.0,0.0,-1.36513298183011,34.462363294802394,-1.364483053007366,0.0,0.0,0.0,34.69890595933962,0.0,0.0,18.268022982118207,0.0,0.0,18.497535305308553,35.26015238238815,-1.1466486160425144,34.995210622352545,-1.156008703142013,35.820355227516735,0.0,0.0,0.0,36.798828298786724,0.0,0.0,0.0,35.432275665123086,0.0,0.0,0.0,34.89225938654168,0.0,17.865551301370708,0.0,17.235874690412807,36.342008278163526,0.0,0.0,0.0,36.66177005041473,0.0,0.0,0.0,35.49805279293431,0.0,0.0,0.0,0.0,0.0,0.0,0.0,0.0,0.0,17.478626679046457,0.0,0.0,0.0,33.5130462510761,34.25737504774536,33.948117900515136,0.0,0.0,0.0,35.48032788891294,36.062719709683755,0.0,0.0,0.0,0.0,17.98053417707983,17.0840453618322,-10.740593475714327,17.708973582321267,0.0,0.0,0.0,0.0,0.0,0.0,0.0,0.0,0.0,0.0,0.0,0.0,0.0,0.0,0.0,0.0,0.0,0.0,0.0,0.0,0.0,0.0,2018-05-01 12:12:00
-1169.7650001217464,-849.2795168279562,-1026.315379052053,0.0,0.0,0.0,0.0,0.0,0.0,35.101208550649815,0.0,0.0,17.42273977021377,0.0,17.406649601092596,-0.5806903007922297,-0.5728441848650456,35.0812650254427,17.57894360319856,34.78837787817352,0.0,0.0,0.0,17.80080532659359,35.41244952398297,0.0,0.0,0.0,0.0,0.0,34.27633539648194,0.0,0.0,0.0,33.471084441591785,17.059871922396827,0.0,33.441335128746296,17.211120468984724,35.190062737423105,0.0,0.0,0.0,32.931646121967994,35.41812125193821,0.0,0.0,0.0,34.28707470356798,0.0,0.0,0.0,0.0,0.0,0.0,0.0,33.82572960618156,0.0,0.0,0.0,0.0,16.75138308645605,35.79235398432482,33.6627330059949,-0.2852357447662548,-0.27505657876536843,0.0,0.0,35.077287952859805,0.0,0.0,0.0,17.158526597783478,22.195914036991603,12.585398577031397,0.0,0.0,0.0,0.0,0.0,0.0,33.88970568575495,17.60115938518521,17.487234957328972,16.835406176797196,17.267927918131,0.0,0.0,34.42205818647539,0.0,0.0,0.0,16.850715527684304,30.47333153827115,31.180275643104107,30.831969123888648,16.711035859548165,69.22120019517749,70.82751684359852,70.03944519446283,29.73174274629413,60.68911864971702,34.859870275858405,0.0,0.0,32.736967030057635,16.742734198301548,0.0,0.0,0.0,0.0,0.0,33.888133162154524,0.0,0.0,33.51058407485751,0.0,0.0,0.0,0.0,0.0,16.503916299209095,-0.36230605747324107,-0.3544246238692666,0.0,0.0,0.0,0.0,17.487743670323535,0.0,16.618234263849654,17.399169817708596,0.0,0.0,17.540726823847958,0.0,0.0,0.0,0.0,0.0,34.111421350518924,34.63321466296507,-0.25404275419596994,-0.24912089106465427,0.0,67.29860898246633,0.0,39.42025041833145,31.163251959459945,51.44288676912501,0.0,0.0,65.02707749758758,0.0,-31.074788899732837,0.0,0.0,0.0,0.0,0.0,0.0,0.0,0.0,35.68353637463335,18.296175299749745,36.45759918297267,34.52195133340416,86.9224630093284,71.47374385219473,61.38298978669627,35.70763310119917,35.07426806979853,0.0,36.67790487664296,0.0,0.0,18.06678140928065,0.0,0.0,0.0,0.0,35.60075387164357,0.0,0.0,-1.235601963874211,34.59199460727635,-1.2350221960934538,0.0,0.0,0.0,34.69833997993581,0.0,0.0,18.267783559995625,0.0,0.0,18.49729272590036,35.259690106364395,-1.031864904997289,35.10986792796152,-1.040296243064538,35.81976612433216,0.0,0.0,0.0,36.79830055572898,0.0,0.0,0.0,35.431820939198005,0.0,0.0,0.0,34.89168561837224,0.0,17.865295207060203,0.0,17.23562760525351,36.34148007714691,0.0,0.0,0.0,36.66134842316219,0.0,0.0,0.0,35.49766598017437,0.0,0.0,0.0,0.0,0.0,0.0,0.0,0.0,0.0,17.478436192784457,0.0,0.0,0.0,33.51268085594713,34.25700135671124,33.947727237589376,0.0,0.0,0.0,35.479919428065905,36.06219540424211,0.0,0.0,0.0,0.0,17.980272756937243,17.08379705850866,-10.741122851232106,17.70871634624949,0.0,0.0,0.0,0.0,0.0,0.0,0.0,0.0,0.0,0.0,0.0,0.0,0.0,0.0,0.0,0.0,0.0,0.0,0.0,0.0,0.0,0.0,2018-05-01 12:13:30
-1167.0238035731843,-847.7928523341351,-1023.9947653067778,0.0,0.0,0.0,0.0,0.0,0.0,35.018837085194804,0.0,0.0,17.387943863898144,0.0,17.38860537525283,-0.5806976944361286,-0.5728904100973105,35.01055836935047,17.538238758762873,34.70940543132077,0.0,0.0,0.0,17.754096589760696,35.37906477424183,0.0,0.0,0.0,0.0,0.0,34.16867270028826,0.0,0.0,0.0,33.35450285659447,17.018272900870404,0.0,33.33776936470623,17.174689550865395,35.15575577471198,0.0,0.0,0.0,32.81595331991619,35.36411418274259,0.0,0.0,0.0,34.213944749984705,0.0,0.0,0.0,0.0,0.0,0.0,0.0,33.74845613394192,0.0,0.0,0.0,0.0,16.69978116343037,35.750672084076015,33.5691778422043,-0.28524378731663386,-0.2751031871518184,0.0,0.0,35.024526294044755,0.0,0.0,0.0,17.125595073339397,22.173344381117317,12.571598867695382,0.0,0.0,0.0,0.0,0.0,0.0,33.81416308365932,17.567868474225783,17.448645195327643,16.799555599820813,17.238373488824486,0.0,0.0,34.33719975322123,0.0,0.0,0.0,16.812690909465868,30.426928146381215,31.13065863487762,30.78436142857258,16.666768704189394,69.22767537225211,70.8292792684664,70.04449838839113,29.679935227482808,60.509639046333334,34.86237705579387,0.0,0.0,32.616442250192755,16.70802651638114,0.0,0.0,0.0,0.0,0.0,33.8001250459444,0.0,0.0,33.40497562999892,0.0,0.0,0.0,0.0,0.0,16.46549545078402,-0.3623180210519578,-0.35449187822163036,0.0,0.0,0.0,0.0,17.45673279260211,0.0,16.555923015727736,17.387855954103507,0.0,0.0,17.50669814246883,0.0,0.0,0.0,0.0,0.0,34.03765338255603,34.5814946791823,-0.2540602875790148,-0.2491920317073209,0.0,67.25039452245406,0.0,39.37629222752178,31.126294444779386,51.34975215110991,0.0,0.0,64.85642588871288,0.0,-31.774509272952393,0.0,0.0,0.0,0.0,0.0,0.0,0.0,0.0,35.62157184316058,18.286839786512772,36.39292017217333,34.42015372970946,86.76302643332772,71.35861360685757,61.204204446682596,35.611131007658514,34.963919045768755,0.0,36.612770033413646,0.0,0.0,18.0411166580471,0.0,0.0,0.0,0.0,35.49744053064657,0.0,0.0,-1.235992948356816,34.540113489954734,-1.235404874748975,0.0,0.0,0.0,34.610780311099404,0.0,0.0,18.245436704845453,0.0,0.0,18.481850448051883,35.17269437114938,-1.032199424766632,35.046266467260885,-1.040607645851283,35.736526138703994,0.0,0.0,0.0,36.7488536167204,0.0,0.0,0.0,35.36745054503621,0.0,0.0,0.0,34.79998993325561,0.0,17.833302529740656,0.0,17.173143941521047,36.28624631669545,0.0,0.0,0.0,36.60804607010432,0.0,0.0,0.0,35.423411613912,0.0,0.0,0.0,0.0,0.0,0.0,0.0,0.0,0.0,17.44510337568009,0.0,0.0,0.0,33.38499358489775,34.15964643891572,33.82345620975642,0.0,0.0,0.0,35.40283461023887,36.01364925510829,0.0,0.0,0.0,0.0,17.96068757987698,17.035791662461612,-10.439352320345165,17.675449093466412,0.0,0.0,0.0,0.0,0.0,0.0,0.0,0.0,0.0,0.0,0.0,0.0,0.0,0.0,0.0,0.0,0.0,0.0,0.0,0.0,0.0,0.0,2018-05-01 12:15:00
-1167.4747463674814,-848.2480337476791,-1024.44858165041,0.0,0.0,0.0,0.0,0.0,0.0,35.01875286235819,0.0,0.0,17.387918522765467,0.0,17.46155762030489,-0.5058426945074131,-0.49904145816824486,35.01050104523077,17.53821003674892,34.70934857816032,0.0,0.0,0.0,17.75404098973569,35.37888150681708,0.0,0.0,0.0,0.0,0.0,34.16851818333609,0.0,0.0,0.0,33.354329965074974,17.018184695257585,0.0,33.33761854850658,17.17461186539399,35.15550645351676,0.0,0.0,0.0,32.81572053674144,35.363952268526546,0.0,0.0,0.0,34.21375962232875,0.0,0.0,0.0,0.0,0.0,0.0,0.0,33.74820682542618,0.0,0.0,0.0,0.0,16.69968876563974,35.75040738618463,33.60661495975357,-0.24546684546568368,-0.23673985829137043,0.0,0.0,35.02432480390922,0.0,0.0,0.0,17.125500308907792,22.173178931289478,12.57155718936173,0.0,0.0,0.0,0.0,0.0,0.0,33.81391944172139,17.56778759212945,17.4485648525076,16.79946689393723,17.238246324977027,0.0,0.0,34.33703806285125,0.0,0.0,0.0,16.812565696674174,30.42669905293669,31.13050925263969,30.784194238937207,16.66664456406314,69.22715407573585,70.82893937645282,70.04411794535834,29.70652640207605,60.53754256214452,34.889705926198246,0.0,0.0,32.61626373234588,16.7078994766886,0.0,0.0,0.0,0.0,0.0,33.79984557898935,0.0,0.0,33.40467274523357,0.0,0.0,0.0,0.0,0.0,16.506581180321206,-0.31904523479989233,-0.3121532482496767,0.0,0.0,0.0,0.0,17.456630565767476,0.0,16.555808142614946,17.387644011886415,0.0,0.0,17.506576661200416,0.0,0.0,0.0,0.0,0.0,34.037345650222626,34.61764994010355,-0.21583880304149863,-0.21170321883193405,0.0,67.24972878573297,0.0,39.37574511141647,31.12599253074059,51.349298652264956,0.0,0.0,64.85582620504856,0.0,-31.77474934408869,0.0,0.0,0.0,0.0,0.0,0.0,0.0,0.0,35.62110321600243,18.286599124087875,36.392441129783144,34.4197980670957,86.76178560970303,71.35777991585147,61.20358488099929,35.61076285630965,34.963557483879654,0.0,36.61232404187263,0.0,0.0,18.040889880308736,0.0,0.0,0.0,0.0,35.496928904991385,0.0,0.0,-1.1161111961542225,34.660069862064745,-1.1155870082643857,0.0,0.0,0.0,34.610268400469955,0.0,0.0,18.245219050386687,0.0,0.0,18.48162983570686,35.172274647934586,-0.9269108440905369,35.15142071495549,-0.9344680234191092,35.735993351562236,0.0,0.0,0.0,36.74837407422993,0.0,0.0,0.0,35.36703786019471,0.0,0.0,0.0,34.799471173513794,0.0,17.833069929561162,0.0,17.172919936478586,36.28576905599573,0.0,0.0,0.0,36.60766393205966,0.0,0.0,0.0,35.42306133510397,0.0,0.0,0.0,0.0,0.0,0.0,0.0,0.0,0.0,17.444930848656995,0.0,0.0,0.0,33.38466327113224,34.15930829792238,33.82310292029674,0.0,0.0,0.0,35.40246467419159,36.01317542690129,0.0,0.0,0.0,0.0,17.96045126603603,17.035567591865803,-10.439830536388577,17.67521674307425,0.0,0.0,0.0,0.0,0.0,0.0,0.0,0.0,0.0,0.0,0.0,0.0,0.0,0.0,0.0,0.0,0.0,0.0,0.0,0.0,0.0,0.0,2018-05-01 12:15:09
-1167.8730118681485,-848.6498976103735,-1024.849311317796,0.0,0.0,0.0,0.0,0.0,0.0,35.018678439348406,0.0,0.0,17.38789613809631,0.0,17.525107099056378,-0.4406343134864612,-0.43470955356838,35.010450353366146,17.53818463779895,34.70929830276578,0.0,0.0,0.0,17.753991853647015,35.37871948718187,0.0,0.0,0.0,0.0,0.0,34.16838141391851,0.0,0.0,0.0,33.354177118374245,17.01810671608935,0.0,33.3374850547788,17.17454310273345,35.15528635996067,0.0,0.0,0.0,32.815515042471574,35.363809665784814,0.0,0.0,0.0,34.21359660671202,0.0,0.0,0.0,0.0,0.0,0.0,0.0,33.74798696244794,0.0,0.0,0.0,0.0,16.699607444323973,35.75017390769756,33.63882842936354,-0.21123402921966997,-0.20372374263196374,0.0,0.0,35.02414761811088,0.0,0.0,0.0,17.125416904659225,22.1730329431211,12.57152048459414,0.0,0.0,0.0,0.0,0.0,0.0,33.813704485669106,17.567716391562804,17.44849412666594,16.799388764112553,17.23813423176211,0.0,0.0,34.33689584179972,0.0,0.0,0.0,16.81245536079823,30.42649726265531,31.130377948805798,30.784047133637277,16.666535173405656,69.22669490678311,70.82864061859681,70.0437832046843,29.729066634134863,60.561194175622916,34.91287318248577,0.0,0.0,32.616106699849716,16.707787615787804,0.0,0.0,0.0,0.0,0.0,33.799597994252096,0.0,0.0,33.40440425243444,0.0,0.0,0.0,0.0,0.0,16.542761906154094,-0.2809369045108042,-0.2748677018540004,0.0,0.0,0.0,0.0,17.45653996010373,0.0,16.55570618259813,17.387455756301904,0.0,0.0,17.506468835862623,0.0,0.0,0.0,0.0,0.0,34.03707240922545,34.64835328791354,-0.18336312645308583,-0.17985000335777426,0.0,67.2491381528001,0.0,39.37526034815528,31.125724490556486,51.348896262966406,0.0,0.0,64.8552941941196,0.0,-31.7749626931013,0.0,0.0,0.0,0.0,0.0,0.0,0.0,0.0,35.62068674938681,18.28638524859194,36.392015407201136,34.41948133662059,86.76068261054583,71.35703615077543,61.203032792598954,35.61043500416169,34.96323549988459,0.0,36.61192639189938,0.0,0.0,18.04068767866503,0.0,0.0,0.0,0.0,35.496473679686034,0.0,0.0,-1.0078327544472003,34.76842174187493,-1.0073648701060451,0.0,0.0,0.0,34.609812768494415,0.0,0.0,18.245024873656153,0.0,0.0,18.48143301937661,35.17190019899389,-0.8323442230181124,35.24587045546439,-0.8391356599912979,35.7355192125845,0.0,0.0,0.0,36.74794639008015,0.0,0.0,0.0,35.366669964161154,0.0,0.0,0.0,34.79900951764612,0.0,17.83286248303332,0.0,17.17272015559976,36.28534491669741,0.0,0.0,0.0,36.607323828043256,0.0,0.0,0.0,35.422749556594574,0.0,0.0,0.0,0.0,0.0,0.0,0.0,0.0,0.0,17.44477728467072,0.0,0.0,0.0,33.38436926328477,34.15900732316366,33.8227884916733,0.0,0.0,0.0,35.402135430056944,36.01275433791526,0.0,0.0,0.0,0.0,17.960241254992322,17.03536846133876,-10.440255523836335,17.675010254328285,0.0,0.0,0.0,0.0,0.0,0.0,0.0,0.0,0.0,0.0,0.0,0.0,0.0,0.0,0.0,0.0,0.0,0.0,0.0,0.0,0.0,0.0,2018-05-01 12:16:30
-1168.2249205370945,-849.004860992406,-1025.2033361776207,0.0,0.0,0.0,0.0,0.0,0.0,35.01861264418217,0.0,0.0,17.38787635475184,0.0,17.580465303681525,-0.38382982182750347,-0.3786686412887961,35.01040550436041,17.538162166389245,34.70925382222646,0.0,0.0,0.0,17.75394840706604,35.37857618141171,0.0,0.0,0.0,0.0,0.0,34.16826029201727,0.0,0.0,0.0,33.354041926029375,17.01803774380184,0.0,33.33736683380128,17.174482207071513,35.15509196588331,0.0,0.0,0.0,32.815333542977015,35.36368399561339,0.0,0.0,0.0,34.21345297808178,0.0,0.0,0.0,0.0,0.0,0.0,0.0,33.747792964717455,0.0,0.0,0.0,0.0,16.69953582988418,35.7499678577521,33.66654649099105,-0.18177305867010993,-0.17530996082889128,0.0,0.0,35.02399171455134,0.0,0.0,0.0,17.12534345591453,22.172904058472948,12.57148813865442,0.0,0.0,0.0,0.0,0.0,0.0,33.813514735729534,17.56765367451615,17.448431827780677,16.79931990776469,17.238035367562897,0.0,0.0,34.33677066554805,0.0,0.0,0.0,16.812358078808728,30.426319418443477,31.130262459984397,30.78391761873244,16.66643872480514,69.22629022643785,70.82837784495476,70.04348849133801,29.74817244156131,60.58124105439027,34.9325119746946,0.0,0.0,32.615968479429085,16.707689062184716,0.0,0.0,0.0,0.0,0.0,33.79937854905138,0.0,0.0,33.404166133986195,0.0,0.0,0.0,0.0,0.0,16.57462256278866,-0.2473773431862644,-0.24203280469805477,0.0,0.0,0.0,0.0,17.45645961495176,0.0,16.55561564001715,17.387288463732975,0.0,0.0,17.506373084756486,0.0,0.0,0.0,0.0,0.0,34.03682967352458,34.67442524730586,-0.1557703508853374,-0.15278604678953778,0.0,67.24861386971529,0.0,39.374830605744165,31.125486398330224,51.34853903863053,0.0,0.0,64.85482197273134,0.0,-31.775152379071265,0.0,0.0,0.0,0.0,0.0,0.0,0.0,0.0,35.62031647236539,18.286195093658062,36.39163690077535,34.419199160850226,86.7597016929708,71.35637236303349,61.20254064052141,35.61014292007175,34.962948643742735,0.0,36.61157170414761,0.0,0.0,18.040507321644583,0.0,0.0,0.0,0.0,35.49606846619262,0.0,0.0,-0.9100392217239461,34.866286734461276,-0.9096210777358267,0.0,0.0,0.0,34.60940705884386,0.0,0.0,18.244851577696146,0.0,0.0,18.48125736699543,35.17156601637367,-0.7474112320435873,35.330701599650524,-0.7535138512993715,35.735097093996465,0.0,0.0,0.0,36.747564816892314,0.0,0.0,0.0,35.36634187489111,0.0,0.0,0.0,34.79859851242459,0.0,17.8326774024212,0.0,17.172541914162196,36.2849678178739,0.0,0.0,0.0,36.607021001045226,0.0,0.0,0.0,35.42247192912927,0.0,0.0,0.0,0.0,0.0,0.0,0.0,0.0,0.0,17.444640541524528,0.0,0.0,0.0,33.38410745998613,34.158739316083164,33.82250852598358,0.0,0.0,0.0,35.401842272708684,36.01237995099035,0.0,0.0,0.0,0.0,17.96005453581437,17.0351914159431,-10.440633375998267,17.674826666796505,0.0,0.0,0.0,0.0,0.0,0.0,0.0,0.0,0.0,0.0,0.0,0.0,0.0,0.0,0.0,0.0,0.0,0.0,0.0,0.0,0.0,0.0,2018-05-01 12:18:00
-1168.536016281235,-849.3185475969344,-1025.5162480378103,0.0,0.0,0.0,0.0,0.0,0.0,35.01855444886706,0.0,0.0,17.387858862170507,0.0,17.628687735572637,-0.334346473671626,-0.3298505073259433,35.01036580639684,17.538142275887935,34.70921445040952,0.0,0.0,0.0,17.753909972696935,35.378449366346636,0.0,0.0,0.0,0.0,0.0,34.168152976352715,0.0,0.0,0.0,33.35392229074767,17.017976708400447,0.0,33.33726208839412,17.174428252680165,35.154920179064696,0.0,0.0,0.0,32.81517315115174,35.36357318714171,0.0,0.0,0.0,34.21332636179938,0.0,0.0,0.0,0.0,0.0,0.0,0.0,33.74762169751385,0.0,0.0,0.0,0.0,16.69947272928471,35.749785916634735,33.69039598266424,-0.15641911221420512,-0.1508572862639802,0.0,0.0,35.023854462366785,0.0,0.0,0.0,17.12527873908017,22.17279021144304,12.571459618067582,0.0,0.0,0.0,0.0,0.0,0.0,33.81334714450091,17.567598398869166,17.448376920679852,16.79925919001152,17.237948121475227,0.0,0.0,34.33666042693557,0.0,0.0,0.0,16.81227225676811,30.42616258665362,31.130160820514604,30.783803523975816,16.66635363797894,69.22593335928042,70.82814658301226,70.04322886686646,29.764366630139527,60.59823201019985,34.949159249113684,0.0,0.0,32.61584674547343,16.707602181164496,0.0,0.0,0.0,0.0,0.0,33.79918395356999,0.0,0.0,33.40395485625479,0.0,0.0,0.0,0.0,0.0,16.602678471169547,-0.21782410995974813,-0.2131177972353076,0.0,0.0,0.0,0.0,17.45638833639153,0.0,16.55553520051841,17.387139734390818,0.0,0.0,17.50628801791932,0.0,0.0,0.0,0.0,0.0,34.036613937745116,34.696563135426636,-0.13232694074376097,-0.12979189368711697,0.0,67.24814825044992,0.0,39.37444944803997,31.12527480475275,51.348221754632874,0.0,0.0,64.85440261633795,0.0,-31.775321098933336,0.0,0.0,0.0,0.0,0.0,0.0,0.0,0.0,35.61998712081289,18.28602595590666,36.39130022938582,34.41894767475687,86.75882897759911,71.35577975128044,61.20210175739551,35.6098826032957,34.96269298631847,0.0,36.61125522337729,0.0,0.0,18.040346393912674,0.0,0.0,0.0,0.0,35.49570762432318,0.0,0.0,-0.8217190689783895,34.954675799926136,-0.8213449639258338,0.0,0.0,0.0,34.609045657671736,0.0,0.0,18.244696864238986,0.0,0.0,18.481100549215153,35.17126766811187,-0.6711332945570985,35.40689066822195,-0.6766164312136389,35.734721142176696,0.0,0.0,0.0,36.74722427012322,0.0,0.0,0.0,35.3660491862192,0.0,0.0,0.0,34.79823245837764,0.0,17.8325122214932,0.0,17.17238283706752,36.28463239843821,0.0,0.0,0.0,36.60675125640925,0.0,0.0,0.0,35.42222461514254,0.0,0.0,0.0,0.0,0.0,0.0,0.0,0.0,0.0,17.44451872905233,0.0,0.0,0.0,33.383874242395414,34.15850057208693,33.822259145224315,0.0,0.0,0.0,35.401581141416784,36.01204694362194,0.0,0.0,0.0,0.0,17.959888453992875,17.035033938697662,-10.440969464860707,17.674663370491174,0.0,0.0,0.0,0.0,0.0,0.0,0.0,0.0,0.0,0.0,0.0,0.0,0.0,0.0,0.0,0.0,0.0,0.0,0.0,0.0,0.0,0.0,2018-05-01 12:19:30
-1168.811162258995,-849.5958898360201,-1025.7929534873476,0.0,0.0,0.0,0.0,0.0,0.0,35.018502951383084,0.0,0.0,17.38784338764205,0.0,17.670693964986885,-0.29124093942793466,-0.28732448587061976,35.01033065156348,17.53812466170324,34.709179584397475,0.0,0.0,0.0,17.753875955612127,35.37833709073851,0.0,0.0,0.0,0.0,0.0,34.168057847945214,0.0,0.0,0.0,33.35381637175343,17.01792267076016,0.0,33.33716923835315,17.17438042559575,35.15476829136348,0.0,0.0,0.0,32.81503133849149,35.36347542875209,0.0,0.0,0.0,34.213214680043876,0.0,0.0,0.0,0.0,0.0,0.0,0.0,33.747470417951185,0.0,0.0,0.0,0.0,16.699417099090887,35.74962517910304,33.71091643605587,-0.13459990236881808,-0.12981374765710338,0.0,0.0,35.02373356236287,0.0,0.0,0.0,17.12522168399538,22.172689593888638,12.571434455398643,0.0,0.0,0.0,0.0,0.0,0.0,33.81319904502124,17.567549653666937,17.44832850048232,16.799205617859915,17.237871085222437,0.0,0.0,34.33656328583388,0.0,0.0,0.0,16.812196501803474,30.42602420496939,31.1300713152588,30.7837029528699,16.666278531986578,69.22561847484087,70.82794293027905,70.04300001574101,29.778092518673272,60.61263240855902,34.96327033546061,0.0,0.0,32.61573946635117,16.707525545506556,0.0,0.0,0.0,0.0,0.0,33.79901131432164,0.0,0.0,33.40376730917092,0.0,0.0,0.0,0.0,0.0,16.62738359142084,-0.19179933155756268,-0.18765510124631024,0.0,0.0,0.0,0.0,17.456325072705283,0.0,16.555463704886037,17.387007451663223,0.0,0.0,17.506212409450594,0.0,0.0,0.0,0.0,0.0,34.03642211120854,34.71535950589918,-0.11240938676616265,-0.11025599983517223,0.0,67.24773452596389,0.0,39.37411121477116,31.125086669483544,51.347939810271,0.0,0.0,64.85403002688318,0.0,-31.775471232875283,0.0,0.0,0.0,0.0,0.0,0.0,0.0,0.0,35.619694048834816,18.285875449449133,36.39100064388338,34.41872345700507,86.75805220892383,71.35525050536097,61.2017102384864,35.60965051236149,34.962465049527886,0.0,36.6109727336994,0.0,0.0,18.040202753545703,0.0,0.0,0.0,0.0,35.495386168928775,0.0,0.0,-0.741957610744691,35.03450322614487,-0.7416225748979088,0.0,0.0,0.0,34.608723601162005,0.0,0.0,18.244558694337826,0.0,0.0,18.480960499503283,35.1710012223188,-0.6026306652956797,35.47531564660804,-0.607556784420881,35.73438618123175,0.0,0.0,0.0,36.746920238870416,0.0,0.0,0.0,35.36578799158968,0.0,0.0,0.0,34.79790631591387,0.0,17.83236475225882,0.0,17.17224081717672,36.284333926920134,0.0,0.0,0.0,36.60651088385061,0.0,0.0,0.0,35.42200421984207,0.0,0.0,0.0,0.0,0.0,0.0,0.0,0.0,0.0,17.444410175172656,0.0,0.0,0.0,33.38366640920832,34.15828781401158,33.82203691920012,0.0,0.0,0.0,35.40134844435917,36.01175061838954,0.0,0.0,0.0,0.0,17.95974066676865,17.034893808219874,-10.44126853150241,17.674518061945957,0.0,0.0,0.0,0.0,0.0,0.0,0.0,0.0,0.0,0.0,0.0,0.0,0.0,0.0,0.0,0.0,0.0,0.0,0.0,0.0,0.0,0.0,2018-05-01 12:21:00
-1169.0546288905664,-849.8412157865807,-1026.0377551310362,0.0,0.0,0.0,0.0,0.0,0.0,35.018457358649364,0.0,0.0,17.387829692087923,0.0,17.70728512084695,-0.25369137098650296,-0.25027976412747704,35.010299506122124,17.53810905640786,34.70914869483728,0.0,0.0,0.0,17.753845834147803,35.37823763839016,0.0,0.0,0.0,0.0,0.0,34.167973484516104,0.0,0.0,0.0,33.35372255001433,17.01787480488475,0.0,33.33708689546405,17.17433801074858,35.15463392398467,0.0,0.0,0.0,32.81490588399209,35.363389137398876,0.0,0.0,0.0,34.213116119658885,0.0,0.0,0.0,0.0,0.0,0.0,0.0,33.74733671922443,0.0,0.0,0.0,0.0,16.699368029123608,35.74948309539531,33.72857221398619,-0.11582281388745688,-0.11170422163724747,0.0,0.0,35.023627010248354,0.0,0.0,0.0,17.12517135716814,22.17260061836032,12.57141224452291,0.0,0.0,0.0,0.0,0.0,0.0,33.81306809647115,17.567506643465364,17.448285777047605,16.7991583248809,17.237803024167196,0.0,0.0,34.3364776369155,0.0,0.0,0.0,16.812129593316165,30.425902029178992,31.129992449083137,30.78361425251363,16.666212196686004,69.22534046648697,70.82776348484052,70.04279817674505,29.789725993364527,60.62483683186832,34.97523133166565,0.0,0.0,32.61564487187605,16.707457905714218,0.0,0.0,0.0,0.0,0.0,33.79885808156602,0.0,0.0,33.403600750547945,0.0,0.0,0.0,0.0,0.0,16.649137807648138,-0.16888203925533982,-0.16523282040547824,0.0,0.0,0.0,0.0,17.456268898532656,0.0,16.555400131681477,17.386889745846155,0.0,0.0,17.506145179152803,0.0,0.0,0.0,0.0,0.0,34.036251469422844,34.731317843163396,-0.09548774038949108,-0.0936585839226839,0.0,67.2473667373441,0.0,39.37381092468694,31.12491931518615,51.34768915134982,0.0,0.0,64.85369883498127,0.0,-31.775604884678202,0.0,0.0,0.0,0.0,0.0,0.0,0.0,0.0,35.61943315002146,18.285741465448062,36.3907339465937,34.418523479742454,86.75736055411525,71.35477770163176,61.20136084926077,35.609443513096856,34.96226175529658,0.0,36.61072049905667,0.0,0.0,18.040074501901465,0.0,0.0,0.0,0.0,35.49509968753784,0.0,0.0,-0.6699278753660793,35.10659572611,-0.6696275631618329,0.0,0.0,0.0,34.608436494042,0.0,0.0,18.244435259473644,0.0,0.0,18.480835384867678,35.17076319145996,-0.5411125599333236,35.53676581344249,-0.5455379143532116,35.73408762820769,0.0,0.0,0.0,36.74664872282384,0.0,0.0,0.0,35.365554828150536,0.0,0.0,0.0,34.79761562276092,0.0,17.832233054387434,0.0,17.172113985859077,36.28406822127082,0.0,0.0,0.0,36.60629660322931,0.0,0.0,0.0,35.42180774088135,0.0,0.0,0.0,0.0,0.0,0.0,0.0,0.0,0.0,17.444313401101862,0.0,0.0,0.0,33.38348112920123,34.15809814354401,33.82183881538842,0.0,0.0,0.0,35.40114100612451,36.01148682333865,0.0,0.0,0.0,0.0,17.95960910342447,17.03476906107483,-10.44153476644874,17.674388705173783,0.0,0.0,0.0,0.0,0.0,0.0,0.0,0.0,0.0,0.0,0.0,0.0,0.0,0.0,0.0,0.0,0.0,0.0,0.0,0.0,0.0,0.0,2018-05-01 12:22:30
-1169.2701640476687,-850.058320478439,-1026.2544342191804,0.0,0.0,0.0,0.0,0.0,0.0,35.01841697549907,0.0,0.0,17.387817565560386,0.0,17.739159132714953,-0.22098177430249308,-0.21800996382369808,35.01027189942775,17.53809522418705,34.70912131495061,0.0,0.0,0.0,17.753819150049427,35.37814950468967,0.0,0.0,0.0,0.0,0.0,34.16789863076572,0.0,0.0,0.0,33.35363940610403,17.017832386612774,0.0,33.337013834492296,17.174300377019982,35.15451499822319,0.0,0.0,0.0,32.814794846833635,35.36331292822192,0.0,0.0,0.0,34.21302908761764,0.0,0.0,0.0,0.0,0.0,0.0,0.0,33.74721849975278,0.0,0.0,0.0,0.0,16.699324720148304,35.74935743878694,33.74376298215924,-0.09966382421085214,-0.09611974489298583,0.0,0.0,35.02353304769088,0.0,0.0,0.0,17.125126938892635,22.17252189851829,12.571392626022488,0.0,0.0,0.0,0.0,0.0,0.0,33.81295225460139,17.567468672905374,17.448248059652933,16.79911654975649,17.23774286110477,0.0,0.0,34.33640207817069,0.0,0.0,0.0,16.81207046673022,30.42579410278146,31.12992291725817,30.783535972508,16.66615357662123,69.22509488225715,70.82760527802152,70.04262004946085,29.79958577975431,60.63517984858917,34.98536962554099,0.0,0.0,32.615561409252244,16.707398172866046,0.0,0.0,0.0,0.0,0.0,33.798722014488014,0.0,0.0,33.40345276843638,0.0,0.0,0.0,0.0,0.0,16.66829335430678,-0.14870141352556412,-0.14548812933891814,0.0,0.0,0.0,0.0,17.456218998487945,0.0,16.555343579657443,17.38678496824551,0.0,0.0,17.5060853739338,0.0,0.0,0.0,0.0,0.0,34.03609960398555,34.74486593192105,-0.08111159652070787,-0.07955788023415612,0.0,67.24703963287531,0.0,39.373544197932304,31.12477037711357,51.34746620079618,0.0,0.0,64.85340429987272,0.0,-31.77572391066265,0.0,0.0,0.0,0.0,0.0,0.0,0.0,0.0,35.61920080098809,18.285622143122442,36.390496433602515,34.41834505635428,86.75674445096055,71.35435518362353,61.201048947905264,35.6092588245493,34.96208037244781,0.0,36.610495205435654,0.0,0.0,18.03995995442842,0.0,0.0,0.0,0.0,35.49484428076659,0.0,0.0,-0.6048823122647876,35.171700700063056,-0.6046129121941389,0.0,0.0,0.0,34.608180450575034,0.0,0.0,18.244324951698147,0.0,0.0,18.480723575578455,35.17055047478,-0.48586825274989287,35.591950603161436,-0.48984348233880987,35.733821431377514,0.0,0.0,0.0,36.746406171288314,0.0,0.0,0.0,35.36534661907724,0.0,0.0,0.0,34.797356433884104,0.0,17.832115405631697,0.0,17.172000684508426,36.28383159135852,0.0,0.0,0.0,36.60610551161025,0.0,0.0,0.0,35.42163251585039,0.0,0.0,0.0,0.0,0.0,0.0,0.0,0.0,0.0,17.444227095488362,0.0,0.0,0.0,33.38331589170975,34.15792899052631,33.82166214999436,0.0,0.0,0.0,35.400956016460725,36.01125189488792,0.0,0.0,0.0,0.0,17.959491936810952,17.034657964776404,-10.441771867316625,17.674273503670335,0.0,0.0,0.0,0.0,0.0,0.0,0.0,0.0,0.0,0.0,0.0,0.0,0.0,0.0,0.0,0.0,0.0,0.0,0.0,0.0,0.0,0.0,2018-05-01 12:24:00
-1169.461055751028,-850.2505401618478,-1026.4463090356796,0.0,0.0,0.0,0.0,0.0,0.0,35.01838119093204,0.0,0.0,17.387806822903627,0.0,17.76692401170184,-0.1924883882190233,-0.1898997023950525,35.01024741913611,17.53808295843743,34.709097035780964,0.0,0.0,0.0,17.75379549898314,35.378071366693675,0.0,0.0,0.0,0.0,0.0,34.167832186530525,0.0,0.0,0.0,33.35356569197926,17.01779477921884,0.0,33.3369489816239,17.174266971287988,35.15440968802664,0.0,0.0,0.0,32.81469652208982,35.36324558370042,0.0,0.0,0.0,34.21295219651542,0.0,0.0,0.0,0.0,0.0,0.0,0.0,33.74711391526008,0.0,0.0,0.0,0.0,16.699286476310686,35.74924625481042,33.75683269879848,-0.0857579688837247,-0.08270831711988197,0.0,0.0,35.02345014461004,0.0,0.0,0.0,17.12508771549125,22.17245221754622,12.571375287980537,0.0,0.0,0.0,0.0,0.0,0.0,33.81284972495297,17.567435131098556,17.448214741482968,16.799079629507595,17.23768965149414,0.0,0.0,34.33633537918798,0.0,0.0,0.0,16.81201818896927,30.42569871182061,31.129861575757612,30.783466851037467,16.666101746709334,69.2248778220981,70.82746570679492,70.04246276259417,29.807942089872792,60.64394509024113,34.99396279561362,0.0,0.0,32.615487727910505,16.70734539342519,0.0,0.0,0.0,0.0,0.0,33.798601138663145,0.0,0.0,33.4033212362228,0.0,0.0,0.0,0.0,0.0,16.685160476215948,-0.13093082732981592,-0.1281014445676851,0.0,0.0,0.0,0.0,17.456174651620152,0.0,16.55529325117165,17.386691662187168,0.0,0.0,17.5060321502664,0.0,0.0,0.0,0.0,0.0,34.035964393291486,34.75636719775999,-0.06889818807931768,-0.06757846239209461,0.0,67.24674857285063,0.0,39.37330717076621,31.124637768013454,51.34726781074406,0.0,0.0,64.85314224972134,0.0,-31.775829951921057,0.0,0.0,0.0,0.0,0.0,0.0,0.0,0.0,35.61899379842215,18.2855158374183,36.39028483040377,34.41818581089288,86.75619543532878,71.35397748554718,61.20077042576766,35.60909398734222,34.96191848562473,0.0,36.610293906936725,0.0,0.0,18.03985761345648,0.0,0.0,0.0,0.0,35.494616496417436,0.0,0.0,-0.5461452582599814,35.23049374058065,-0.5459034182257224,0.0,0.0,0.0,34.607952029331926,0.0,0.0,18.24422634563932,0.0,0.0,18.4806236269631,35.17036032360226,-0.4362590447325259,35.64150760090361,-0.4398297223110628,35.73358400241789,0.0,0.0,0.0,36.74618942637509,0.0,0.0,0.0,35.36516063869708,0.0,0.0,0.0,34.79712525545531,0.0,17.832010274272672,0.0,17.17189943800654,36.28362077486674,0.0,0.0,0.0,36.605935033778515,0.0,0.0,0.0,35.42147619186587,0.0,0.0,0.0,0.0,0.0,0.0,0.0,0.0,0.0,17.444150099435802,0.0,0.0,0.0,33.383168477954364,34.15777808360209,33.82150454221135,0.0,0.0,0.0,35.400790982380435,36.01104259419675,0.0,0.0,0.0,0.0,17.95938755161097,17.03455898769589,-10.441983103018494,17.674170869210666,0.0,0.0,0.0,0.0,0.0,0.0,0.0,0.0,0.0,0.0,0.0,0.0,0.0,0.0,0.0,0.0,0.0,0.0,0.0,0.0,0.0,0.0,2018-05-01 12:25:30
-1169.63019858128,-850.4208035530504,-1026.616294605472,0.0,0.0,0.0,0.0,0.0,0.0,35.01834946679213,0.0,0.0,17.38779730214014,0.0,17.79110942435706,-0.1676678141813211,-0.16541288146429592,35.010225701725986,17.538072077018203,34.709075496793716,0.0,0.0,0.0,17.753774527194366,35.378002058730026,0.0,0.0,0.0,0.0,0.0,34.167773180976795,0.0,0.0,0.0,33.35350030796397,17.01776142167136,0.0,33.336891389277056,17.174237305452912,35.154316387141826,0.0,0.0,0.0,32.814609410053855,35.363186043302235,0.0,0.0,0.0,34.212884228663626,0.0,0.0,0.0,0.0,0.0,0.0,0.0,33.74702134518548,0.0,0.0,0.0,0.0,16.69925268719693,35.74914782574086,33.768077366697135,-0.07379112725140909,-0.07116697741813618,0.0,0.0,35.02337695996558,0.0,0.0,0.0,17.12505306091529,22.172390505253198,12.571359957372923,0.0,0.0,0.0,0.0,0.0,0.0,33.81275893019215,17.56740548625303,17.44818529429155,16.799046982199265,17.23764256597985,0.0,0.0,34.33627646967693,0.0,0.0,0.0,16.811971941083133,30.425614352732893,31.12980743006918,30.783405781944655,16.66605589501588,69.22468586469466,70.82734250832503,70.04232379905986,29.815023993325397,60.65137301038648,35.001246168592665,0.0,0.0,32.61542264425595,16.707298731249022,0.0,0.0,0.0,0.0,0.0,33.798493711125204,0.0,0.0,33.40320427554638,0.0,0.0,0.0,0.0,0.0,16.700012420300464,-0.11528259338924518,-0.11279128417172511,0.0,0.0,0.0,0.0,17.45613522438678,0.0,16.555248443959044,17.386608538686364,0.0,0.0,17.505984765487273,0.0,0.0,0.0,0.0,0.0,34.03584396117189,34.76613036148574,-0.05852225097218031,-0.05740130317002322,0.0,67.24648947255709,0.0,39.37309644119274,31.12451964756417,51.34709119749675,0.0,0.0,64.85290899945383,0.0,-31.775924461459134,0.0,0.0,0.0,0.0,0.0,0.0,0.0,0.0,35.61880930613298,18.285421091816296,36.39009623777257,34.41804363465628,86.7557060189941,71.35363975577987,61.200521629552426,35.608946818728676,34.96177395114903,0.0,36.610113993216075,0.0,0.0,18.03976615156309,0.0,0.0,0.0,0.0,35.49441327382451,0.0,0.0,-0.4931061009417661,35.283585460046986,-0.4928888653850304,0.0,0.0,0.0,34.60774817806121,0.0,0.0,18.244138173696683,0.0,0.0,18.48053425424441,35.17019029349551,-0.3917110239892953,35.68600976515949,-0.3949181510170336,35.733372158984466,0.0,0.0,0.0,36.745995687920065,0.0,0.0,0.0,35.36499446464992,0.0,0.0,0.0,34.79691898892442,0.0,17.831916302103885,0.0,17.17180893833593,36.283432883359026,0.0,0.0,0.0,36.60578289348549,0.0,0.0,0.0,35.421336681929944,0.0,0.0,0.0,0.0,0.0,0.0,0.0,0.0,0.0,17.444081385009174,0.0,0.0,0.0,33.383036919889335,34.157643408090145,33.8213638876242,0.0,0.0,0.0,35.40064370031093,36.010856053609764,0.0,0.0,0.0,0.0,17.95929451762975,17.034470773735837,-10.442171367828749,17.674079395587288,0.0,0.0,0.0,0.0,0.0,0.0,0.0,0.0,0.0,0.0,0.0,0.0,0.0,0.0,0.0,0.0,0.0,0.0,0.0,0.0,0.0,0.0,2018-05-01 12:27:00
-1169.780139520828,-850.5716879062306,-1026.7669575324464,0.0,0.0,0.0,0.0,0.0,0.0,35.018321329589035,0.0,0.0,17.387788860512867,0.0,17.81217677986989,-0.14604667162907095,-0.14408248087094438,35.01020642660793,17.538062419299365,34.709056380033374,0.0,0.0,0.0,17.75375592276308,35.37794055482101,0.0,0.0,0.0,0.0,0.0,34.16772075717682,0.0,0.0,0.0,33.35344228616745,17.017731820172866,0.0,33.33684022104797,17.17421094868288,35.15423368577961,0.0,0.0,0.0,32.81453219445097,35.36313337451087,0.0,0.0,0.0,34.21282411457881,0.0,0.0,0.0,0.0,0.0,0.0,0.0,33.746939368511384,0.0,0.0,0.0,0.0,16.699222816965577,35.74906064509724,33.777751711182525,-0.06349295079390986,-0.0612349832377055,0.0,0.0,35.02331231759,0.0,0.0,0.0,17.125022425598473,22.172335823037336,12.571346393435885,0.0,0.0,0.0,0.0,0.0,0.0,33.81267848682294,17.56737927108853,17.448159253913992,16.79901809665209,17.23760087784645,0.0,0.0,34.33622441013296,0.0,0.0,0.0,16.81193100574601,30.425539709140008,31.129759607953552,30.78335179476396,16.666015310360244,69.22451601466493,70.8272336979894,70.04220095054147,29.82102567068719,60.65766742867148,35.00741923604818,0.0,0.0,32.615365120201666,16.707257454566147,0.0,0.0,0.0,0.0,0.0,33.79839819454648,0.0,0.0,33.40310022857529,0.0,0.0,0.0,0.0,0.0,16.713089838000993,-0.10150333350616841,-0.09930973652721382,0.0,0.0,0.0,0.0,17.456100156774976,0.0,16.555208536540775,17.38653445771569,0.0,0.0,17.505942562366556,0.0,0.0,0.0,0.0,0.0,34.03573664774234,34.774417650664255,-0.04970740725834123,-0.048755323361492374,0.0,67.24625872203731,0.0,39.372909007778155,31.124414387726738,51.34693390168896,0.0,0.0,64.85270129238923,0.0,-31.776008725122466,0.0,0.0,0.0,0.0,0.0,0.0,0.0,0.0,35.618644814204934,18.28533661735493,36.38992809001047,34.417916655397356,86.7552695715134,71.35333767662037,61.20029931538264,35.60881538071951,34.96164486571912,0.0,36.609953143505045,0.0,0.0,18.03968438840696,0.0,0.0,0.0,0.0,35.494231900691375,0.0,0.0,-0.44521307838382745,35.33152766807634,-0.4450178352095214,0.0,0.0,0.0,34.60756619092424,0.0,0.0,18.244059308172247,0.0,0.0,18.480454314436177,35.17003820981541,-0.3517085422999109,35.72597192093895,-0.3545889984282206,35.733183080036184,0.0,0.0,0.0,36.745822465168416,0.0,0.0,0.0,35.364845943356976,0.0,0.0,0.0,34.796734887531734,0.0,17.831832280996213,0.0,17.171728022010768,36.28326536068334,0.0,0.0,0.0,36.60564707113532,0.0,0.0,0.0,35.42121213413612,0.0,0.0,0.0,0.0,0.0,0.0,0.0,0.0,0.0,17.44402004006559,0.0,0.0,0.0,33.38291947116016,34.15752317625379,33.82123831909684,0.0,0.0,0.0,35.40051221513887,36.010689735364636,0.0,0.0,0.0,0.0,17.95921156920115,17.03439212280334,-10.442339223060365,17.673997838361867,0.0,0.0,0.0,0.0,0.0,0.0,0.0,0.0,0.0,0.0,0.0,0.0,0.0,0.0,0.0,0.0,0.0,0.0,0.0,0.0,0.0,0.0,2018-05-01 12:28:30
-1171.27341624035,-849.7423884486275,-1025.4326653124974,0.0,0.0,0.0,0.0,0.0,0.0,34.97463429004596,0.0,0.0,17.36161534485676,0.0,17.8022706130116,-0.14605799095936692,-0.14408538739217244,34.966383862784596,17.51699224681197,34.6597759139241,0.0,0.0,0.0,17.736571633031154,35.35122633676036,0.0,0.0,0.0,0.0,0.0,34.11363753570085,0.0,0.0,0.0,33.28524046842349,16.99079774988267,0.0,33.26649464007548,17.14954035459828,35.132375682773194,0.0,0.0,0.0,32.74379652901403,35.33169226732012,0.0,0.0,0.0,34.16668183894065,0.0,0.0,0.0,0.0,0.0,0.0,0.0,33.69587465186793,0.0,0.0,0.0,0.0,16.667691103855446,35.732356724596436,33.728441086051866,-0.06350154579253735,-0.06123835197140868,0.0,0.0,34.994637349497545,0.0,0.0,0.0,17.102671738288386,22.14995660046946,12.559414778895842,0.0,0.0,0.0,0.0,0.0,0.0,33.76454052797753,17.549957663886758,17.428327177071385,16.76928987866317,17.22092058150812,0.0,0.0,34.286135642870995,0.0,0.0,0.0,16.7868513456056,30.403385322186036,31.1094873390001,30.76195675499092,16.637958081494663,69.2238190941806,70.83197329377371,70.04381982387297,29.78672824787437,60.5832877683807,35.008237335086164,0.0,0.0,32.53689051374223,16.68036286795935,0.0,0.0,0.0,0.0,0.0,33.74396735403473,0.0,0.0,33.3413657598418,0.0,0.0,0.0,0.0,0.0,16.68501611101398,-0.10152521578841232,-0.09931272246078732,0.0,0.0,0.0,0.0,17.435746778690437,0.0,16.517057528409154,17.37200841069476,0.0,0.0,17.488025827894344,0.0,0.0,0.0,0.0,0.0,33.98592988763886,34.74681413334448,-0.049723804641594344,-0.04875652043555042,0.0,67.22536664733107,0.0,39.34852418229683,31.108849078871984,51.287203619351644,0.0,0.0,64.7890196877837,0.0,-30.1005782767565,0.0,0.0,0.0,0.0,0.0,0.0,0.0,0.0,35.57417085828269,18.273577339004646,36.362511854982905,34.35063710694569,86.67344150020848,71.30421775462726,61.093438593427564,35.567356158805524,34.9072842484734,0.0,36.59092289826692,0.0,0.0,18.02568676077378,0.0,0.0,0.0,0.0,35.443884890912045,0.0,0.0,-0.44512547487968845,35.29376092505687,-0.4450260865941049,0.0,0.0,0.0,34.53634694521565,0.0,0.0,18.23130042569682,0.0,0.0,18.47125790177947,35.11749220958303,-0.3516406946995008,35.69814456799987,-0.35459448536568833,35.68974956927448,0.0,0.0,0.0,36.73237712049673,0.0,0.0,0.0,35.31411331393222,0.0,0.0,0.0,34.734983118335705,0.0,17.814015679208467,0.0,17.13982504634051,36.25168648568256,0.0,0.0,0.0,36.5879223145094,0.0,0.0,0.0,35.374504510995145,0.0,0.0,0.0,0.0,0.0,0.0,0.0,0.0,0.0,17.415503076244928,0.0,0.0,0.0,33.29502386864772,34.087189676933924,33.74533206044964,0.0,0.0,0.0,35.35910487857654,35.976203002427916,0.0,0.0,0.0,0.0,17.941513259492606,16.99712946761736,-9.382199130309758,17.650096677756974,0.0,0.0,0.0,0.0,0.0,0.0,0.0,0.0,0.0,0.0,0.0,0.0,0.0,0.0,0.0,0.0,0.0,0.0,0.0,0.0,0.0,0.0,2018-05-01 12:30:00
